-330.0 -149.0 393.0 212.0
-224.0 -224.0 287.0 287.0
-149.0 -330.0 212.0 393.0
-266.0 -149.0 457.0 212.0
-160.0 -224.0 351.0 287.0
-85.0 -330.0 276.0 393.0
-202.0 -149.0 521.0 212.0
-96.0 -224.0 415.0 287.0
-21.0 -330.0 340.0 393.0
-138.0 -149.0 585.0 212.0
-32.0 -224.0 479.0 287.0
43.0 -330.0 404.0 393.0
-74.0 -149.0 649.0 212.0
32.0 -224.0 543.0 287.0
107.0 -330.0 468.0 393.0
-10.0 -149.0 713.0 212.0
96.0 -224.0 607.0 287.0
171.0 -330.0 532.0 393.0
54.0 -149.0 777.0 212.0
160.0 -224.0 671.0 287.0
235.0 -330.0 596.0 393.0
118.0 -149.0 841.0 212.0
224.0 -224.0 735.0 287.0
299.0 -330.0 660.0 393.0
182.0 -149.0 905.0 212.0
288.0 -224.0 799.0 287.0
363.0 -330.0 724.0 393.0
246.0 -149.0 969.0 212.0
352.0 -224.0 863.0 287.0
427.0 -330.0 788.0 393.0
310.0 -149.0 1033.0 212.0
416.0 -224.0 927.0 287.0
491.0 -330.0 852.0 393.0
374.0 -149.0 1097.0 212.0
480.0 -224.0 991.0 287.0
555.0 -330.0 916.0 393.0
438.0 -149.0 1161.0 212.0
544.0 -224.0 1055.0 287.0
619.0 -330.0 980.0 393.0
502.0 -149.0 1225.0 212.0
608.0 -224.0 1119.0 287.0
683.0 -330.0 1044.0 393.0
566.0 -149.0 1289.0 212.0
672.0 -224.0 1183.0 287.0
747.0 -330.0 1108.0 393.0
630.0 -149.0 1353.0 212.0
736.0 -224.0 1247.0 287.0
811.0 -330.0 1172.0 393.0
694.0 -149.0 1417.0 212.0
800.0 -224.0 1311.0 287.0
875.0 -330.0 1236.0 393.0
758.0 -149.0 1481.0 212.0
864.0 -224.0 1375.0 287.0
939.0 -330.0 1300.0 393.0
822.0 -149.0 1545.0 212.0
928.0 -224.0 1439.0 287.0
1003.0 -330.0 1364.0 393.0
886.0 -149.0 1609.0 212.0
992.0 -224.0 1503.0 287.0
1067.0 -330.0 1428.0 393.0
950.0 -149.0 1673.0 212.0
1056.0 -224.0 1567.0 287.0
1131.0 -330.0 1492.0 393.0
-330.0 -85.0 393.0 276.0
-224.0 -160.0 287.0 351.0
-149.0 -266.0 212.0 457.0
-266.0 -85.0 457.0 276.0
-160.0 -160.0 351.0 351.0
-85.0 -266.0 276.0 457.0
-202.0 -85.0 521.0 276.0
-96.0 -160.0 415.0 351.0
-21.0 -266.0 340.0 457.0
-138.0 -85.0 585.0 276.0
-32.0 -160.0 479.0 351.0
43.0 -266.0 404.0 457.0
-74.0 -85.0 649.0 276.0
32.0 -160.0 543.0 351.0
107.0 -266.0 468.0 457.0
-10.0 -85.0 713.0 276.0
96.0 -160.0 607.0 351.0
171.0 -266.0 532.0 457.0
54.0 -85.0 777.0 276.0
160.0 -160.0 671.0 351.0
235.0 -266.0 596.0 457.0
118.0 -85.0 841.0 276.0
224.0 -160.0 735.0 351.0
299.0 -266.0 660.0 457.0
182.0 -85.0 905.0 276.0
288.0 -160.0 799.0 351.0
363.0 -266.0 724.0 457.0
246.0 -85.0 969.0 276.0
352.0 -160.0 863.0 351.0
427.0 -266.0 788.0 457.0
310.0 -85.0 1033.0 276.0
416.0 -160.0 927.0 351.0
491.0 -266.0 852.0 457.0
374.0 -85.0 1097.0 276.0
480.0 -160.0 991.0 351.0
555.0 -266.0 916.0 457.0
438.0 -85.0 1161.0 276.0
544.0 -160.0 1055.0 351.0
619.0 -266.0 980.0 457.0
502.0 -85.0 1225.0 276.0
608.0 -160.0 1119.0 351.0
683.0 -266.0 1044.0 457.0
566.0 -85.0 1289.0 276.0
672.0 -160.0 1183.0 351.0
747.0 -266.0 1108.0 457.0
630.0 -85.0 1353.0 276.0
736.0 -160.0 1247.0 351.0
811.0 -266.0 1172.0 457.0
694.0 -85.0 1417.0 276.0
800.0 -160.0 1311.0 351.0
875.0 -266.0 1236.0 457.0
758.0 -85.0 1481.0 276.0
864.0 -160.0 1375.0 351.0
939.0 -266.0 1300.0 457.0
822.0 -85.0 1545.0 276.0
928.0 -160.0 1439.0 351.0
1003.0 -266.0 1364.0 457.0
886.0 -85.0 1609.0 276.0
992.0 -160.0 1503.0 351.0
1067.0 -266.0 1428.0 457.0
950.0 -85.0 1673.0 276.0
1056.0 -160.0 1567.0 351.0
1131.0 -266.0 1492.0 457.0
-330.0 -21.0 393.0 340.0
-224.0 -96.0 287.0 415.0
-149.0 -202.0 212.0 521.0
-266.0 -21.0 457.0 340.0
-160.0 -96.0 351.0 415.0
-85.0 -202.0 276.0 521.0
-202.0 -21.0 521.0 340.0
-96.0 -96.0 415.0 415.0
-21.0 -202.0 340.0 521.0
-138.0 -21.0 585.0 340.0
-32.0 -96.0 479.0 415.0
43.0 -202.0 404.0 521.0
-74.0 -21.0 649.0 340.0
32.0 -96.0 543.0 415.0
107.0 -202.0 468.0 521.0
-10.0 -21.0 713.0 340.0
96.0 -96.0 607.0 415.0
171.0 -202.0 532.0 521.0
54.0 -21.0 777.0 340.0
160.0 -96.0 671.0 415.0
235.0 -202.0 596.0 521.0
118.0 -21.0 841.0 340.0
224.0 -96.0 735.0 415.0
299.0 -202.0 660.0 521.0
182.0 -21.0 905.0 340.0
288.0 -96.0 799.0 415.0
363.0 -202.0 724.0 521.0
246.0 -21.0 969.0 340.0
352.0 -96.0 863.0 415.0
427.0 -202.0 788.0 521.0
310.0 -21.0 1033.0 340.0
416.0 -96.0 927.0 415.0
491.0 -202.0 852.0 521.0
374.0 -21.0 1097.0 340.0
480.0 -96.0 991.0 415.0
555.0 -202.0 916.0 521.0
438.0 -21.0 1161.0 340.0
544.0 -96.0 1055.0 415.0
619.0 -202.0 980.0 521.0
502.0 -21.0 1225.0 340.0
608.0 -96.0 1119.0 415.0
683.0 -202.0 1044.0 521.0
566.0 -21.0 1289.0 340.0
672.0 -96.0 1183.0 415.0
747.0 -202.0 1108.0 521.0
630.0 -21.0 1353.0 340.0
736.0 -96.0 1247.0 415.0
811.0 -202.0 1172.0 521.0
694.0 -21.0 1417.0 340.0
800.0 -96.0 1311.0 415.0
875.0 -202.0 1236.0 521.0
758.0 -21.0 1481.0 340.0
864.0 -96.0 1375.0 415.0
939.0 -202.0 1300.0 521.0
822.0 -21.0 1545.0 340.0
928.0 -96.0 1439.0 415.0
1003.0 -202.0 1364.0 521.0
886.0 -21.0 1609.0 340.0
992.0 -96.0 1503.0 415.0
1067.0 -202.0 1428.0 521.0
950.0 -21.0 1673.0 340.0
1056.0 -96.0 1567.0 415.0
1131.0 -202.0 1492.0 521.0
-330.0 43.0 393.0 404.0
-224.0 -32.0 287.0 479.0
-149.0 -138.0 212.0 585.0
-266.0 43.0 457.0 404.0
-160.0 -32.0 351.0 479.0
-85.0 -138.0 276.0 585.0
-202.0 43.0 521.0 404.0
-96.0 -32.0 415.0 479.0
-21.0 -138.0 340.0 585.0
-138.0 43.0 585.0 404.0
-32.0 -32.0 479.0 479.0
43.0 -138.0 404.0 585.0
-74.0 43.0 649.0 404.0
32.0 -32.0 543.0 479.0
107.0 -138.0 468.0 585.0
-10.0 43.0 713.0 404.0
96.0 -32.0 607.0 479.0
171.0 -138.0 532.0 585.0
54.0 43.0 777.0 404.0
160.0 -32.0 671.0 479.0
235.0 -138.0 596.0 585.0
118.0 43.0 841.0 404.0
224.0 -32.0 735.0 479.0
299.0 -138.0 660.0 585.0
182.0 43.0 905.0 404.0
288.0 -32.0 799.0 479.0
363.0 -138.0 724.0 585.0
246.0 43.0 969.0 404.0
352.0 -32.0 863.0 479.0
427.0 -138.0 788.0 585.0
310.0 43.0 1033.0 404.0
416.0 -32.0 927.0 479.0
491.0 -138.0 852.0 585.0
374.0 43.0 1097.0 404.0
480.0 -32.0 991.0 479.0
555.0 -138.0 916.0 585.0
438.0 43.0 1161.0 404.0
544.0 -32.0 1055.0 479.0
619.0 -138.0 980.0 585.0
502.0 43.0 1225.0 404.0
608.0 -32.0 1119.0 479.0
683.0 -138.0 1044.0 585.0
566.0 43.0 1289.0 404.0
672.0 -32.0 1183.0 479.0
747.0 -138.0 1108.0 585.0
630.0 43.0 1353.0 404.0
736.0 -32.0 1247.0 479.0
811.0 -138.0 1172.0 585.0
694.0 43.0 1417.0 404.0
800.0 -32.0 1311.0 479.0
875.0 -138.0 1236.0 585.0
758.0 43.0 1481.0 404.0
864.0 -32.0 1375.0 479.0
939.0 -138.0 1300.0 585.0
822.0 43.0 1545.0 404.0
928.0 -32.0 1439.0 479.0
1003.0 -138.0 1364.0 585.0
886.0 43.0 1609.0 404.0
992.0 -32.0 1503.0 479.0
1067.0 -138.0 1428.0 585.0
950.0 43.0 1673.0 404.0
1056.0 -32.0 1567.0 479.0
1131.0 -138.0 1492.0 585.0
-330.0 107.0 393.0 468.0
-224.0 32.0 287.0 543.0
-149.0 -74.0 212.0 649.0
-266.0 107.0 457.0 468.0
-160.0 32.0 351.0 543.0
-85.0 -74.0 276.0 649.0
-202.0 107.0 521.0 468.0
-96.0 32.0 415.0 543.0
-21.0 -74.0 340.0 649.0
-138.0 107.0 585.0 468.0
-32.0 32.0 479.0 543.0
43.0 -74.0 404.0 649.0
-74.0 107.0 649.0 468.0
32.0 32.0 543.0 543.0
107.0 -74.0 468.0 649.0
-10.0 107.0 713.0 468.0
96.0 32.0 607.0 543.0
171.0 -74.0 532.0 649.0
54.0 107.0 777.0 468.0
160.0 32.0 671.0 543.0
235.0 -74.0 596.0 649.0
118.0 107.0 841.0 468.0
224.0 32.0 735.0 543.0
299.0 -74.0 660.0 649.0
182.0 107.0 905.0 468.0
288.0 32.0 799.0 543.0
363.0 -74.0 724.0 649.0
246.0 107.0 969.0 468.0
352.0 32.0 863.0 543.0
427.0 -74.0 788.0 649.0
310.0 107.0 1033.0 468.0
416.0 32.0 927.0 543.0
491.0 -74.0 852.0 649.0
374.0 107.0 1097.0 468.0
480.0 32.0 991.0 543.0
555.0 -74.0 916.0 649.0
438.0 107.0 1161.0 468.0
544.0 32.0 1055.0 543.0
619.0 -74.0 980.0 649.0
502.0 107.0 1225.0 468.0
608.0 32.0 1119.0 543.0
683.0 -74.0 1044.0 649.0
566.0 107.0 1289.0 468.0
672.0 32.0 1183.0 543.0
747.0 -74.0 1108.0 649.0
630.0 107.0 1353.0 468.0
736.0 32.0 1247.0 543.0
811.0 -74.0 1172.0 649.0
694.0 107.0 1417.0 468.0
800.0 32.0 1311.0 543.0
875.0 -74.0 1236.0 649.0
758.0 107.0 1481.0 468.0
864.0 32.0 1375.0 543.0
939.0 -74.0 1300.0 649.0
822.0 107.0 1545.0 468.0
928.0 32.0 1439.0 543.0
1003.0 -74.0 1364.0 649.0
886.0 107.0 1609.0 468.0
992.0 32.0 1503.0 543.0
1067.0 -74.0 1428.0 649.0
950.0 107.0 1673.0 468.0
1056.0 32.0 1567.0 543.0
1131.0 -74.0 1492.0 649.0
-330.0 171.0 393.0 532.0
-224.0 96.0 287.0 607.0
-149.0 -10.0 212.0 713.0
-266.0 171.0 457.0 532.0
-160.0 96.0 351.0 607.0
-85.0 -10.0 276.0 713.0
-202.0 171.0 521.0 532.0
-96.0 96.0 415.0 607.0
-21.0 -10.0 340.0 713.0
-138.0 171.0 585.0 532.0
-32.0 96.0 479.0 607.0
43.0 -10.0 404.0 713.0
-74.0 171.0 649.0 532.0
32.0 96.0 543.0 607.0
107.0 -10.0 468.0 713.0
-10.0 171.0 713.0 532.0
96.0 96.0 607.0 607.0
171.0 -10.0 532.0 713.0
54.0 171.0 777.0 532.0
160.0 96.0 671.0 607.0
235.0 -10.0 596.0 713.0
118.0 171.0 841.0 532.0
224.0 96.0 735.0 607.0
299.0 -10.0 660.0 713.0
182.0 171.0 905.0 532.0
288.0 96.0 799.0 607.0
363.0 -10.0 724.0 713.0
246.0 171.0 969.0 532.0
352.0 96.0 863.0 607.0
427.0 -10.0 788.0 713.0
310.0 171.0 1033.0 532.0
416.0 96.0 927.0 607.0
491.0 -10.0 852.0 713.0
374.0 171.0 1097.0 532.0
480.0 96.0 991.0 607.0
555.0 -10.0 916.0 713.0
438.0 171.0 1161.0 532.0
544.0 96.0 1055.0 607.0
619.0 -10.0 980.0 713.0
502.0 171.0 1225.0 532.0
608.0 96.0 1119.0 607.0
683.0 -10.0 1044.0 713.0
566.0 171.0 1289.0 532.0
672.0 96.0 1183.0 607.0
747.0 -10.0 1108.0 713.0
630.0 171.0 1353.0 532.0
736.0 96.0 1247.0 607.0
811.0 -10.0 1172.0 713.0
694.0 171.0 1417.0 532.0
800.0 96.0 1311.0 607.0
875.0 -10.0 1236.0 713.0
758.0 171.0 1481.0 532.0
864.0 96.0 1375.0 607.0
939.0 -10.0 1300.0 713.0
822.0 171.0 1545.0 532.0
928.0 96.0 1439.0 607.0
1003.0 -10.0 1364.0 713.0
886.0 171.0 1609.0 532.0
992.0 96.0 1503.0 607.0
1067.0 -10.0 1428.0 713.0
950.0 171.0 1673.0 532.0
1056.0 96.0 1567.0 607.0
1131.0 -10.0 1492.0 713.0
-330.0 235.0 393.0 596.0
-224.0 160.0 287.0 671.0
-149.0 54.0 212.0 777.0
-266.0 235.0 457.0 596.0
-160.0 160.0 351.0 671.0
-85.0 54.0 276.0 777.0
-202.0 235.0 521.0 596.0
-96.0 160.0 415.0 671.0
-21.0 54.0 340.0 777.0
-138.0 235.0 585.0 596.0
-32.0 160.0 479.0 671.0
43.0 54.0 404.0 777.0
-74.0 235.0 649.0 596.0
32.0 160.0 543.0 671.0
107.0 54.0 468.0 777.0
-10.0 235.0 713.0 596.0
96.0 160.0 607.0 671.0
171.0 54.0 532.0 777.0
54.0 235.0 777.0 596.0
160.0 160.0 671.0 671.0
235.0 54.0 596.0 777.0
118.0 235.0 841.0 596.0
224.0 160.0 735.0 671.0
299.0 54.0 660.0 777.0
182.0 235.0 905.0 596.0
288.0 160.0 799.0 671.0
363.0 54.0 724.0 777.0
246.0 235.0 969.0 596.0
352.0 160.0 863.0 671.0
427.0 54.0 788.0 777.0
310.0 235.0 1033.0 596.0
416.0 160.0 927.0 671.0
491.0 54.0 852.0 777.0
374.0 235.0 1097.0 596.0
480.0 160.0 991.0 671.0
555.0 54.0 916.0 777.0
438.0 235.0 1161.0 596.0
544.0 160.0 1055.0 671.0
619.0 54.0 980.0 777.0
502.0 235.0 1225.0 596.0
608.0 160.0 1119.0 671.0
683.0 54.0 1044.0 777.0
566.0 235.0 1289.0 596.0
672.0 160.0 1183.0 671.0
747.0 54.0 1108.0 777.0
630.0 235.0 1353.0 596.0
736.0 160.0 1247.0 671.0
811.0 54.0 1172.0 777.0
694.0 235.0 1417.0 596.0
800.0 160.0 1311.0 671.0
875.0 54.0 1236.0 777.0
758.0 235.0 1481.0 596.0
864.0 160.0 1375.0 671.0
939.0 54.0 1300.0 777.0
822.0 235.0 1545.0 596.0
928.0 160.0 1439.0 671.0
1003.0 54.0 1364.0 777.0
886.0 235.0 1609.0 596.0
992.0 160.0 1503.0 671.0
1067.0 54.0 1428.0 777.0
950.0 235.0 1673.0 596.0
1056.0 160.0 1567.0 671.0
1131.0 54.0 1492.0 777.0
-330.0 299.0 393.0 660.0
-224.0 224.0 287.0 735.0
-149.0 118.0 212.0 841.0
-266.0 299.0 457.0 660.0
-160.0 224.0 351.0 735.0
-85.0 118.0 276.0 841.0
-202.0 299.0 521.0 660.0
-96.0 224.0 415.0 735.0
-21.0 118.0 340.0 841.0
-138.0 299.0 585.0 660.0
-32.0 224.0 479.0 735.0
43.0 118.0 404.0 841.0
-74.0 299.0 649.0 660.0
32.0 224.0 543.0 735.0
107.0 118.0 468.0 841.0
-10.0 299.0 713.0 660.0
96.0 224.0 607.0 735.0
171.0 118.0 532.0 841.0
54.0 299.0 777.0 660.0
160.0 224.0 671.0 735.0
235.0 118.0 596.0 841.0
118.0 299.0 841.0 660.0
224.0 224.0 735.0 735.0
299.0 118.0 660.0 841.0
182.0 299.0 905.0 660.0
288.0 224.0 799.0 735.0
363.0 118.0 724.0 841.0
246.0 299.0 969.0 660.0
352.0 224.0 863.0 735.0
427.0 118.0 788.0 841.0
310.0 299.0 1033.0 660.0
416.0 224.0 927.0 735.0
491.0 118.0 852.0 841.0
374.0 299.0 1097.0 660.0
480.0 224.0 991.0 735.0
555.0 118.0 916.0 841.0
438.0 299.0 1161.0 660.0
544.0 224.0 1055.0 735.0
619.0 118.0 980.0 841.0
502.0 299.0 1225.0 660.0
608.0 224.0 1119.0 735.0
683.0 118.0 1044.0 841.0
566.0 299.0 1289.0 660.0
672.0 224.0 1183.0 735.0
747.0 118.0 1108.0 841.0
630.0 299.0 1353.0 660.0
736.0 224.0 1247.0 735.0
811.0 118.0 1172.0 841.0
694.0 299.0 1417.0 660.0
800.0 224.0 1311.0 735.0
875.0 118.0 1236.0 841.0
758.0 299.0 1481.0 660.0
864.0 224.0 1375.0 735.0
939.0 118.0 1300.0 841.0
822.0 299.0 1545.0 660.0
928.0 224.0 1439.0 735.0
1003.0 118.0 1364.0 841.0
886.0 299.0 1609.0 660.0
992.0 224.0 1503.0 735.0
1067.0 118.0 1428.0 841.0
950.0 299.0 1673.0 660.0
1056.0 224.0 1567.0 735.0
1131.0 118.0 1492.0 841.0
-330.0 363.0 393.0 724.0
-224.0 288.0 287.0 799.0
-149.0 182.0 212.0 905.0
-266.0 363.0 457.0 724.0
-160.0 288.0 351.0 799.0
-85.0 182.0 276.0 905.0
-202.0 363.0 521.0 724.0
-96.0 288.0 415.0 799.0
-21.0 182.0 340.0 905.0
-138.0 363.0 585.0 724.0
-32.0 288.0 479.0 799.0
43.0 182.0 404.0 905.0
-74.0 363.0 649.0 724.0
32.0 288.0 543.0 799.0
107.0 182.0 468.0 905.0
-10.0 363.0 713.0 724.0
96.0 288.0 607.0 799.0
171.0 182.0 532.0 905.0
54.0 363.0 777.0 724.0
160.0 288.0 671.0 799.0
235.0 182.0 596.0 905.0
118.0 363.0 841.0 724.0
224.0 288.0 735.0 799.0
299.0 182.0 660.0 905.0
182.0 363.0 905.0 724.0
288.0 288.0 799.0 799.0
363.0 182.0 724.0 905.0
246.0 363.0 969.0 724.0
352.0 288.0 863.0 799.0
427.0 182.0 788.0 905.0
310.0 363.0 1033.0 724.0
416.0 288.0 927.0 799.0
491.0 182.0 852.0 905.0
374.0 363.0 1097.0 724.0
480.0 288.0 991.0 799.0
555.0 182.0 916.0 905.0
438.0 363.0 1161.0 724.0
544.0 288.0 1055.0 799.0
619.0 182.0 980.0 905.0
502.0 363.0 1225.0 724.0
608.0 288.0 1119.0 799.0
683.0 182.0 1044.0 905.0
566.0 363.0 1289.0 724.0
672.0 288.0 1183.0 799.0
747.0 182.0 1108.0 905.0
630.0 363.0 1353.0 724.0
736.0 288.0 1247.0 799.0
811.0 182.0 1172.0 905.0
694.0 363.0 1417.0 724.0
800.0 288.0 1311.0 799.0
875.0 182.0 1236.0 905.0
758.0 363.0 1481.0 724.0
864.0 288.0 1375.0 799.0
939.0 182.0 1300.0 905.0
822.0 363.0 1545.0 724.0
928.0 288.0 1439.0 799.0
1003.0 182.0 1364.0 905.0
886.0 363.0 1609.0 724.0
992.0 288.0 1503.0 799.0
1067.0 182.0 1428.0 905.0
950.0 363.0 1673.0 724.0
1056.0 288.0 1567.0 799.0
1131.0 182.0 1492.0 905.0
-330.0 427.0 393.0 788.0
-224.0 352.0 287.0 863.0
-149.0 246.0 212.0 969.0
-266.0 427.0 457.0 788.0
-160.0 352.0 351.0 863.0
-85.0 246.0 276.0 969.0
-202.0 427.0 521.0 788.0
-96.0 352.0 415.0 863.0
-21.0 246.0 340.0 969.0
-138.0 427.0 585.0 788.0
-32.0 352.0 479.0 863.0
43.0 246.0 404.0 969.0
-74.0 427.0 649.0 788.0
32.0 352.0 543.0 863.0
107.0 246.0 468.0 969.0
-10.0 427.0 713.0 788.0
96.0 352.0 607.0 863.0
171.0 246.0 532.0 969.0
54.0 427.0 777.0 788.0
160.0 352.0 671.0 863.0
235.0 246.0 596.0 969.0
118.0 427.0 841.0 788.0
224.0 352.0 735.0 863.0
299.0 246.0 660.0 969.0
182.0 427.0 905.0 788.0
288.0 352.0 799.0 863.0
363.0 246.0 724.0 969.0
246.0 427.0 969.0 788.0
352.0 352.0 863.0 863.0
427.0 246.0 788.0 969.0
310.0 427.0 1033.0 788.0
416.0 352.0 927.0 863.0
491.0 246.0 852.0 969.0
374.0 427.0 1097.0 788.0
480.0 352.0 991.0 863.0
555.0 246.0 916.0 969.0
438.0 427.0 1161.0 788.0
544.0 352.0 1055.0 863.0
619.0 246.0 980.0 969.0
502.0 427.0 1225.0 788.0
608.0 352.0 1119.0 863.0
683.0 246.0 1044.0 969.0
566.0 427.0 1289.0 788.0
672.0 352.0 1183.0 863.0
747.0 246.0 1108.0 969.0
630.0 427.0 1353.0 788.0
736.0 352.0 1247.0 863.0
811.0 246.0 1172.0 969.0
694.0 427.0 1417.0 788.0
800.0 352.0 1311.0 863.0
875.0 246.0 1236.0 969.0
758.0 427.0 1481.0 788.0
864.0 352.0 1375.0 863.0
939.0 246.0 1300.0 969.0
822.0 427.0 1545.0 788.0
928.0 352.0 1439.0 863.0
1003.0 246.0 1364.0 969.0
886.0 427.0 1609.0 788.0
992.0 352.0 1503.0 863.0
1067.0 246.0 1428.0 969.0
950.0 427.0 1673.0 788.0
1056.0 352.0 1567.0 863.0
1131.0 246.0 1492.0 969.0
-330.0 491.0 393.0 852.0
-224.0 416.0 287.0 927.0
-149.0 310.0 212.0 1033.0
-266.0 491.0 457.0 852.0
-160.0 416.0 351.0 927.0
-85.0 310.0 276.0 1033.0
-202.0 491.0 521.0 852.0
-96.0 416.0 415.0 927.0
-21.0 310.0 340.0 1033.0
-138.0 491.0 585.0 852.0
-32.0 416.0 479.0 927.0
43.0 310.0 404.0 1033.0
-74.0 491.0 649.0 852.0
32.0 416.0 543.0 927.0
107.0 310.0 468.0 1033.0
-10.0 491.0 713.0 852.0
96.0 416.0 607.0 927.0
171.0 310.0 532.0 1033.0
54.0 491.0 777.0 852.0
160.0 416.0 671.0 927.0
235.0 310.0 596.0 1033.0
118.0 491.0 841.0 852.0
224.0 416.0 735.0 927.0
299.0 310.0 660.0 1033.0
182.0 491.0 905.0 852.0
288.0 416.0 799.0 927.0
363.0 310.0 724.0 1033.0
246.0 491.0 969.0 852.0
352.0 416.0 863.0 927.0
427.0 310.0 788.0 1033.0
310.0 491.0 1033.0 852.0
416.0 416.0 927.0 927.0
491.0 310.0 852.0 1033.0
374.0 491.0 1097.0 852.0
480.0 416.0 991.0 927.0
555.0 310.0 916.0 1033.0
438.0 491.0 1161.0 852.0
544.0 416.0 1055.0 927.0
619.0 310.0 980.0 1033.0
502.0 491.0 1225.0 852.0
608.0 416.0 1119.0 927.0
683.0 310.0 1044.0 1033.0
566.0 491.0 1289.0 852.0
672.0 416.0 1183.0 927.0
747.0 310.0 1108.0 1033.0
630.0 491.0 1353.0 852.0
736.0 416.0 1247.0 927.0
811.0 310.0 1172.0 1033.0
694.0 491.0 1417.0 852.0
800.0 416.0 1311.0 927.0
875.0 310.0 1236.0 1033.0
758.0 491.0 1481.0 852.0
864.0 416.0 1375.0 927.0
939.0 310.0 1300.0 1033.0
822.0 491.0 1545.0 852.0
928.0 416.0 1439.0 927.0
1003.0 310.0 1364.0 1033.0
886.0 491.0 1609.0 852.0
992.0 416.0 1503.0 927.0
1067.0 310.0 1428.0 1033.0
950.0 491.0 1673.0 852.0
1056.0 416.0 1567.0 927.0
1131.0 310.0 1492.0 1033.0
-330.0 555.0 393.0 916.0
-224.0 480.0 287.0 991.0
-149.0 374.0 212.0 1097.0
-266.0 555.0 457.0 916.0
-160.0 480.0 351.0 991.0
-85.0 374.0 276.0 1097.0
-202.0 555.0 521.0 916.0
-96.0 480.0 415.0 991.0
-21.0 374.0 340.0 1097.0
-138.0 555.0 585.0 916.0
-32.0 480.0 479.0 991.0
43.0 374.0 404.0 1097.0
-74.0 555.0 649.0 916.0
32.0 480.0 543.0 991.0
107.0 374.0 468.0 1097.0
-10.0 555.0 713.0 916.0
96.0 480.0 607.0 991.0
171.0 374.0 532.0 1097.0
54.0 555.0 777.0 916.0
160.0 480.0 671.0 991.0
235.0 374.0 596.0 1097.0
118.0 555.0 841.0 916.0
224.0 480.0 735.0 991.0
299.0 374.0 660.0 1097.0
182.0 555.0 905.0 916.0
288.0 480.0 799.0 991.0
363.0 374.0 724.0 1097.0
246.0 555.0 969.0 916.0
352.0 480.0 863.0 991.0
427.0 374.0 788.0 1097.0
310.0 555.0 1033.0 916.0
416.0 480.0 927.0 991.0
491.0 374.0 852.0 1097.0
374.0 555.0 1097.0 916.0
480.0 480.0 991.0 991.0
555.0 374.0 916.0 1097.0
438.0 555.0 1161.0 916.0
544.0 480.0 1055.0 991.0
619.0 374.0 980.0 1097.0
502.0 555.0 1225.0 916.0
608.0 480.0 1119.0 991.0
683.0 374.0 1044.0 1097.0
566.0 555.0 1289.0 916.0
672.0 480.0 1183.0 991.0
747.0 374.0 1108.0 1097.0
630.0 555.0 1353.0 916.0
736.0 480.0 1247.0 991.0
811.0 374.0 1172.0 1097.0
694.0 555.0 1417.0 916.0
800.0 480.0 1311.0 991.0
875.0 374.0 1236.0 1097.0
758.0 555.0 1481.0 916.0
864.0 480.0 1375.0 991.0
939.0 374.0 1300.0 1097.0
822.0 555.0 1545.0 916.0
928.0 480.0 1439.0 991.0
1003.0 374.0 1364.0 1097.0
886.0 555.0 1609.0 916.0
992.0 480.0 1503.0 991.0
1067.0 374.0 1428.0 1097.0
950.0 555.0 1673.0 916.0
1056.0 480.0 1567.0 991.0
1131.0 374.0 1492.0 1097.0
