-165.0 -75.0 196.0 106.0
-112.0 -112.0 143.0 143.0
-75.0 -165.0 106.0 196.0
-133.0 -75.0 228.0 106.0
-80.0 -112.0 175.0 143.0
-43.0 -165.0 138.0 196.0
-101.0 -75.0 260.0 106.0
-48.0 -112.0 207.0 143.0
-11.0 -165.0 170.0 196.0
-69.0 -75.0 292.0 106.0
-16.0 -112.0 239.0 143.0
21.0 -165.0 202.0 196.0
-37.0 -75.0 324.0 106.0
16.0 -112.0 271.0 143.0
53.0 -165.0 234.0 196.0
-5.0 -75.0 356.0 106.0
48.0 -112.0 303.0 143.0
85.0 -165.0 266.0 196.0
27.0 -75.0 388.0 106.0
80.0 -112.0 335.0 143.0
117.0 -165.0 298.0 196.0
59.0 -75.0 420.0 106.0
112.0 -112.0 367.0 143.0
149.0 -165.0 330.0 196.0
91.0 -75.0 452.0 106.0
144.0 -112.0 399.0 143.0
181.0 -165.0 362.0 196.0
123.0 -75.0 484.0 106.0
176.0 -112.0 431.0 143.0
213.0 -165.0 394.0 196.0
155.0 -75.0 516.0 106.0
208.0 -112.0 463.0 143.0
245.0 -165.0 426.0 196.0
187.0 -75.0 548.0 106.0
240.0 -112.0 495.0 143.0
277.0 -165.0 458.0 196.0
219.0 -75.0 580.0 106.0
272.0 -112.0 527.0 143.0
309.0 -165.0 490.0 196.0
251.0 -75.0 612.0 106.0
304.0 -112.0 559.0 143.0
341.0 -165.0 522.0 196.0
283.0 -75.0 644.0 106.0
336.0 -112.0 591.0 143.0
373.0 -165.0 554.0 196.0
315.0 -75.0 676.0 106.0
368.0 -112.0 623.0 143.0
405.0 -165.0 586.0 196.0
347.0 -75.0 708.0 106.0
400.0 -112.0 655.0 143.0
437.0 -165.0 618.0 196.0
379.0 -75.0 740.0 106.0
432.0 -112.0 687.0 143.0
469.0 -165.0 650.0 196.0
411.0 -75.0 772.0 106.0
464.0 -112.0 719.0 143.0
501.0 -165.0 682.0 196.0
443.0 -75.0 804.0 106.0
496.0 -112.0 751.0 143.0
533.0 -165.0 714.0 196.0
475.0 -75.0 836.0 106.0
528.0 -112.0 783.0 143.0
565.0 -165.0 746.0 196.0
507.0 -75.0 868.0 106.0
560.0 -112.0 815.0 143.0
597.0 -165.0 778.0 196.0
539.0 -75.0 900.0 106.0
592.0 -112.0 847.0 143.0
629.0 -165.0 810.0 196.0
571.0 -75.0 932.0 106.0
624.0 -112.0 879.0 143.0
661.0 -165.0 842.0 196.0
603.0 -75.0 964.0 106.0
656.0 -112.0 911.0 143.0
693.0 -165.0 874.0 196.0
635.0 -75.0 996.0 106.0
688.0 -112.0 943.0 143.0
725.0 -165.0 906.0 196.0
667.0 -75.0 1028.0 106.0
720.0 -112.0 975.0 143.0
757.0 -165.0 938.0 196.0
699.0 -75.0 1060.0 106.0
752.0 -112.0 1007.0 143.0
789.0 -165.0 970.0 196.0
731.0 -75.0 1092.0 106.0
784.0 -112.0 1039.0 143.0
821.0 -165.0 1002.0 196.0
763.0 -75.0 1124.0 106.0
816.0 -112.0 1071.0 143.0
853.0 -165.0 1034.0 196.0
795.0 -75.0 1156.0 106.0
848.0 -112.0 1103.0 143.0
885.0 -165.0 1066.0 196.0
827.0 -75.0 1188.0 106.0
880.0 -112.0 1135.0 143.0
917.0 -165.0 1098.0 196.0
859.0 -75.0 1220.0 106.0
912.0 -112.0 1167.0 143.0
949.0 -165.0 1130.0 196.0
891.0 -75.0 1252.0 106.0
944.0 -112.0 1199.0 143.0
981.0 -165.0 1162.0 196.0
923.0 -75.0 1284.0 106.0
976.0 -112.0 1231.0 143.0
1013.0 -165.0 1194.0 196.0
955.0 -75.0 1316.0 106.0
1008.0 -112.0 1263.0 143.0
1045.0 -165.0 1226.0 196.0
987.0 -75.0 1348.0 106.0
1040.0 -112.0 1295.0 143.0
1077.0 -165.0 1258.0 196.0
1019.0 -75.0 1380.0 106.0
1072.0 -112.0 1327.0 143.0
1109.0 -165.0 1290.0 196.0
1051.0 -75.0 1412.0 106.0
1104.0 -112.0 1359.0 143.0
1141.0 -165.0 1322.0 196.0
1083.0 -75.0 1444.0 106.0
1136.0 -112.0 1391.0 143.0
1173.0 -165.0 1354.0 196.0
1115.0 -75.0 1476.0 106.0
1168.0 -112.0 1423.0 143.0
1205.0 -165.0 1386.0 196.0
1147.0 -75.0 1508.0 106.0
1200.0 -112.0 1455.0 143.0
1237.0 -165.0 1418.0 196.0
-165.0 -43.0 196.0 138.0
-112.0 -80.0 143.0 175.0
-75.0 -133.0 106.0 228.0
-133.0 -43.0 228.0 138.0
-80.0 -80.0 175.0 175.0
-43.0 -133.0 138.0 228.0
-101.0 -43.0 260.0 138.0
-48.0 -80.0 207.0 175.0
-11.0 -133.0 170.0 228.0
-69.0 -43.0 292.0 138.0
-16.0 -80.0 239.0 175.0
21.0 -133.0 202.0 228.0
-37.0 -43.0 324.0 138.0
16.0 -80.0 271.0 175.0
53.0 -133.0 234.0 228.0
-5.0 -43.0 356.0 138.0
48.0 -80.0 303.0 175.0
85.0 -133.0 266.0 228.0
27.0 -43.0 388.0 138.0
80.0 -80.0 335.0 175.0
117.0 -133.0 298.0 228.0
59.0 -43.0 420.0 138.0
112.0 -80.0 367.0 175.0
149.0 -133.0 330.0 228.0
91.0 -43.0 452.0 138.0
144.0 -80.0 399.0 175.0
181.0 -133.0 362.0 228.0
123.0 -43.0 484.0 138.0
176.0 -80.0 431.0 175.0
213.0 -133.0 394.0 228.0
155.0 -43.0 516.0 138.0
208.0 -80.0 463.0 175.0
245.0 -133.0 426.0 228.0
187.0 -43.0 548.0 138.0
240.0 -80.0 495.0 175.0
277.0 -133.0 458.0 228.0
219.0 -43.0 580.0 138.0
272.0 -80.0 527.0 175.0
309.0 -133.0 490.0 228.0
251.0 -43.0 612.0 138.0
304.0 -80.0 559.0 175.0
341.0 -133.0 522.0 228.0
283.0 -43.0 644.0 138.0
336.0 -80.0 591.0 175.0
373.0 -133.0 554.0 228.0
315.0 -43.0 676.0 138.0
368.0 -80.0 623.0 175.0
405.0 -133.0 586.0 228.0
347.0 -43.0 708.0 138.0
400.0 -80.0 655.0 175.0
437.0 -133.0 618.0 228.0
379.0 -43.0 740.0 138.0
432.0 -80.0 687.0 175.0
469.0 -133.0 650.0 228.0
411.0 -43.0 772.0 138.0
464.0 -80.0 719.0 175.0
501.0 -133.0 682.0 228.0
443.0 -43.0 804.0 138.0
496.0 -80.0 751.0 175.0
533.0 -133.0 714.0 228.0
475.0 -43.0 836.0 138.0
528.0 -80.0 783.0 175.0
565.0 -133.0 746.0 228.0
507.0 -43.0 868.0 138.0
560.0 -80.0 815.0 175.0
597.0 -133.0 778.0 228.0
539.0 -43.0 900.0 138.0
592.0 -80.0 847.0 175.0
629.0 -133.0 810.0 228.0
571.0 -43.0 932.0 138.0
624.0 -80.0 879.0 175.0
661.0 -133.0 842.0 228.0
603.0 -43.0 964.0 138.0
656.0 -80.0 911.0 175.0
693.0 -133.0 874.0 228.0
635.0 -43.0 996.0 138.0
688.0 -80.0 943.0 175.0
725.0 -133.0 906.0 228.0
667.0 -43.0 1028.0 138.0
720.0 -80.0 975.0 175.0
757.0 -133.0 938.0 228.0
699.0 -43.0 1060.0 138.0
752.0 -80.0 1007.0 175.0
789.0 -133.0 970.0 228.0
731.0 -43.0 1092.0 138.0
784.0 -80.0 1039.0 175.0
821.0 -133.0 1002.0 228.0
763.0 -43.0 1124.0 138.0
816.0 -80.0 1071.0 175.0
853.0 -133.0 1034.0 228.0
795.0 -43.0 1156.0 138.0
848.0 -80.0 1103.0 175.0
885.0 -133.0 1066.0 228.0
827.0 -43.0 1188.0 138.0
880.0 -80.0 1135.0 175.0
917.0 -133.0 1098.0 228.0
859.0 -43.0 1220.0 138.0
912.0 -80.0 1167.0 175.0
949.0 -133.0 1130.0 228.0
891.0 -43.0 1252.0 138.0
944.0 -80.0 1199.0 175.0
981.0 -133.0 1162.0 228.0
923.0 -43.0 1284.0 138.0
976.0 -80.0 1231.0 175.0
1013.0 -133.0 1194.0 228.0
955.0 -43.0 1316.0 138.0
1008.0 -80.0 1263.0 175.0
1045.0 -133.0 1226.0 228.0
987.0 -43.0 1348.0 138.0
1040.0 -80.0 1295.0 175.0
1077.0 -133.0 1258.0 228.0
1019.0 -43.0 1380.0 138.0
1072.0 -80.0 1327.0 175.0
1109.0 -133.0 1290.0 228.0
1051.0 -43.0 1412.0 138.0
1104.0 -80.0 1359.0 175.0
1141.0 -133.0 1322.0 228.0
1083.0 -43.0 1444.0 138.0
1136.0 -80.0 1391.0 175.0
1173.0 -133.0 1354.0 228.0
1115.0 -43.0 1476.0 138.0
1168.0 -80.0 1423.0 175.0
1205.0 -133.0 1386.0 228.0
1147.0 -43.0 1508.0 138.0
1200.0 -80.0 1455.0 175.0
1237.0 -133.0 1418.0 228.0
-165.0 -11.0 196.0 170.0
-112.0 -48.0 143.0 207.0
-75.0 -101.0 106.0 260.0
-133.0 -11.0 228.0 170.0
-80.0 -48.0 175.0 207.0
-43.0 -101.0 138.0 260.0
-101.0 -11.0 260.0 170.0
-48.0 -48.0 207.0 207.0
-11.0 -101.0 170.0 260.0
-69.0 -11.0 292.0 170.0
-16.0 -48.0 239.0 207.0
21.0 -101.0 202.0 260.0
-37.0 -11.0 324.0 170.0
16.0 -48.0 271.0 207.0
53.0 -101.0 234.0 260.0
-5.0 -11.0 356.0 170.0
48.0 -48.0 303.0 207.0
85.0 -101.0 266.0 260.0
27.0 -11.0 388.0 170.0
80.0 -48.0 335.0 207.0
117.0 -101.0 298.0 260.0
59.0 -11.0 420.0 170.0
112.0 -48.0 367.0 207.0
149.0 -101.0 330.0 260.0
91.0 -11.0 452.0 170.0
144.0 -48.0 399.0 207.0
181.0 -101.0 362.0 260.0
123.0 -11.0 484.0 170.0
176.0 -48.0 431.0 207.0
213.0 -101.0 394.0 260.0
155.0 -11.0 516.0 170.0
208.0 -48.0 463.0 207.0
245.0 -101.0 426.0 260.0
187.0 -11.0 548.0 170.0
240.0 -48.0 495.0 207.0
277.0 -101.0 458.0 260.0
219.0 -11.0 580.0 170.0
272.0 -48.0 527.0 207.0
309.0 -101.0 490.0 260.0
251.0 -11.0 612.0 170.0
304.0 -48.0 559.0 207.0
341.0 -101.0 522.0 260.0
283.0 -11.0 644.0 170.0
336.0 -48.0 591.0 207.0
373.0 -101.0 554.0 260.0
315.0 -11.0 676.0 170.0
368.0 -48.0 623.0 207.0
405.0 -101.0 586.0 260.0
347.0 -11.0 708.0 170.0
400.0 -48.0 655.0 207.0
437.0 -101.0 618.0 260.0
379.0 -11.0 740.0 170.0
432.0 -48.0 687.0 207.0
469.0 -101.0 650.0 260.0
411.0 -11.0 772.0 170.0
464.0 -48.0 719.0 207.0
501.0 -101.0 682.0 260.0
443.0 -11.0 804.0 170.0
496.0 -48.0 751.0 207.0
533.0 -101.0 714.0 260.0
475.0 -11.0 836.0 170.0
528.0 -48.0 783.0 207.0
565.0 -101.0 746.0 260.0
507.0 -11.0 868.0 170.0
560.0 -48.0 815.0 207.0
597.0 -101.0 778.0 260.0
539.0 -11.0 900.0 170.0
592.0 -48.0 847.0 207.0
629.0 -101.0 810.0 260.0
571.0 -11.0 932.0 170.0
624.0 -48.0 879.0 207.0
661.0 -101.0 842.0 260.0
603.0 -11.0 964.0 170.0
656.0 -48.0 911.0 207.0
693.0 -101.0 874.0 260.0
635.0 -11.0 996.0 170.0
688.0 -48.0 943.0 207.0
725.0 -101.0 906.0 260.0
667.0 -11.0 1028.0 170.0
720.0 -48.0 975.0 207.0
757.0 -101.0 938.0 260.0
699.0 -11.0 1060.0 170.0
752.0 -48.0 1007.0 207.0
789.0 -101.0 970.0 260.0
731.0 -11.0 1092.0 170.0
784.0 -48.0 1039.0 207.0
821.0 -101.0 1002.0 260.0
763.0 -11.0 1124.0 170.0
816.0 -48.0 1071.0 207.0
853.0 -101.0 1034.0 260.0
795.0 -11.0 1156.0 170.0
848.0 -48.0 1103.0 207.0
885.0 -101.0 1066.0 260.0
827.0 -11.0 1188.0 170.0
880.0 -48.0 1135.0 207.0
917.0 -101.0 1098.0 260.0
859.0 -11.0 1220.0 170.0
912.0 -48.0 1167.0 207.0
949.0 -101.0 1130.0 260.0
891.0 -11.0 1252.0 170.0
944.0 -48.0 1199.0 207.0
981.0 -101.0 1162.0 260.0
923.0 -11.0 1284.0 170.0
976.0 -48.0 1231.0 207.0
1013.0 -101.0 1194.0 260.0
955.0 -11.0 1316.0 170.0
1008.0 -48.0 1263.0 207.0
1045.0 -101.0 1226.0 260.0
987.0 -11.0 1348.0 170.0
1040.0 -48.0 1295.0 207.0
1077.0 -101.0 1258.0 260.0
1019.0 -11.0 1380.0 170.0
1072.0 -48.0 1327.0 207.0
1109.0 -101.0 1290.0 260.0
1051.0 -11.0 1412.0 170.0
1104.0 -48.0 1359.0 207.0
1141.0 -101.0 1322.0 260.0
1083.0 -11.0 1444.0 170.0
1136.0 -48.0 1391.0 207.0
1173.0 -101.0 1354.0 260.0
1115.0 -11.0 1476.0 170.0
1168.0 -48.0 1423.0 207.0
1205.0 -101.0 1386.0 260.0
1147.0 -11.0 1508.0 170.0
1200.0 -48.0 1455.0 207.0
1237.0 -101.0 1418.0 260.0
-165.0 21.0 196.0 202.0
-112.0 -16.0 143.0 239.0
-75.0 -69.0 106.0 292.0
-133.0 21.0 228.0 202.0
-80.0 -16.0 175.0 239.0
-43.0 -69.0 138.0 292.0
-101.0 21.0 260.0 202.0
-48.0 -16.0 207.0 239.0
-11.0 -69.0 170.0 292.0
-69.0 21.0 292.0 202.0
-16.0 -16.0 239.0 239.0
21.0 -69.0 202.0 292.0
-37.0 21.0 324.0 202.0
16.0 -16.0 271.0 239.0
53.0 -69.0 234.0 292.0
-5.0 21.0 356.0 202.0
48.0 -16.0 303.0 239.0
85.0 -69.0 266.0 292.0
27.0 21.0 388.0 202.0
80.0 -16.0 335.0 239.0
117.0 -69.0 298.0 292.0
59.0 21.0 420.0 202.0
112.0 -16.0 367.0 239.0
149.0 -69.0 330.0 292.0
91.0 21.0 452.0 202.0
144.0 -16.0 399.0 239.0
181.0 -69.0 362.0 292.0
123.0 21.0 484.0 202.0
176.0 -16.0 431.0 239.0
213.0 -69.0 394.0 292.0
155.0 21.0 516.0 202.0
208.0 -16.0 463.0 239.0
245.0 -69.0 426.0 292.0
187.0 21.0 548.0 202.0
240.0 -16.0 495.0 239.0
277.0 -69.0 458.0 292.0
219.0 21.0 580.0 202.0
272.0 -16.0 527.0 239.0
309.0 -69.0 490.0 292.0
251.0 21.0 612.0 202.0
304.0 -16.0 559.0 239.0
341.0 -69.0 522.0 292.0
283.0 21.0 644.0 202.0
336.0 -16.0 591.0 239.0
373.0 -69.0 554.0 292.0
315.0 21.0 676.0 202.0
368.0 -16.0 623.0 239.0
405.0 -69.0 586.0 292.0
347.0 21.0 708.0 202.0
400.0 -16.0 655.0 239.0
437.0 -69.0 618.0 292.0
379.0 21.0 740.0 202.0
432.0 -16.0 687.0 239.0
469.0 -69.0 650.0 292.0
411.0 21.0 772.0 202.0
464.0 -16.0 719.0 239.0
501.0 -69.0 682.0 292.0
443.0 21.0 804.0 202.0
496.0 -16.0 751.0 239.0
533.0 -69.0 714.0 292.0
475.0 21.0 836.0 202.0
528.0 -16.0 783.0 239.0
565.0 -69.0 746.0 292.0
507.0 21.0 868.0 202.0
560.0 -16.0 815.0 239.0
597.0 -69.0 778.0 292.0
539.0 21.0 900.0 202.0
592.0 -16.0 847.0 239.0
629.0 -69.0 810.0 292.0
571.0 21.0 932.0 202.0
624.0 -16.0 879.0 239.0
661.0 -69.0 842.0 292.0
603.0 21.0 964.0 202.0
656.0 -16.0 911.0 239.0
693.0 -69.0 874.0 292.0
635.0 21.0 996.0 202.0
688.0 -16.0 943.0 239.0
725.0 -69.0 906.0 292.0
667.0 21.0 1028.0 202.0
720.0 -16.0 975.0 239.0
757.0 -69.0 938.0 292.0
699.0 21.0 1060.0 202.0
752.0 -16.0 1007.0 239.0
789.0 -69.0 970.0 292.0
731.0 21.0 1092.0 202.0
784.0 -16.0 1039.0 239.0
821.0 -69.0 1002.0 292.0
763.0 21.0 1124.0 202.0
816.0 -16.0 1071.0 239.0
853.0 -69.0 1034.0 292.0
795.0 21.0 1156.0 202.0
848.0 -16.0 1103.0 239.0
885.0 -69.0 1066.0 292.0
827.0 21.0 1188.0 202.0
880.0 -16.0 1135.0 239.0
917.0 -69.0 1098.0 292.0
859.0 21.0 1220.0 202.0
912.0 -16.0 1167.0 239.0
949.0 -69.0 1130.0 292.0
891.0 21.0 1252.0 202.0
944.0 -16.0 1199.0 239.0
981.0 -69.0 1162.0 292.0
923.0 21.0 1284.0 202.0
976.0 -16.0 1231.0 239.0
1013.0 -69.0 1194.0 292.0
955.0 21.0 1316.0 202.0
1008.0 -16.0 1263.0 239.0
1045.0 -69.0 1226.0 292.0
987.0 21.0 1348.0 202.0
1040.0 -16.0 1295.0 239.0
1077.0 -69.0 1258.0 292.0
1019.0 21.0 1380.0 202.0
1072.0 -16.0 1327.0 239.0
1109.0 -69.0 1290.0 292.0
1051.0 21.0 1412.0 202.0
1104.0 -16.0 1359.0 239.0
1141.0 -69.0 1322.0 292.0
1083.0 21.0 1444.0 202.0
1136.0 -16.0 1391.0 239.0
1173.0 -69.0 1354.0 292.0
1115.0 21.0 1476.0 202.0
1168.0 -16.0 1423.0 239.0
1205.0 -69.0 1386.0 292.0
1147.0 21.0 1508.0 202.0
1200.0 -16.0 1455.0 239.0
1237.0 -69.0 1418.0 292.0
-165.0 53.0 196.0 234.0
-112.0 16.0 143.0 271.0
-75.0 -37.0 106.0 324.0
-133.0 53.0 228.0 234.0
-80.0 16.0 175.0 271.0
-43.0 -37.0 138.0 324.0
-101.0 53.0 260.0 234.0
-48.0 16.0 207.0 271.0
-11.0 -37.0 170.0 324.0
-69.0 53.0 292.0 234.0
-16.0 16.0 239.0 271.0
21.0 -37.0 202.0 324.0
-37.0 53.0 324.0 234.0
16.0 16.0 271.0 271.0
53.0 -37.0 234.0 324.0
-5.0 53.0 356.0 234.0
48.0 16.0 303.0 271.0
85.0 -37.0 266.0 324.0
27.0 53.0 388.0 234.0
80.0 16.0 335.0 271.0
117.0 -37.0 298.0 324.0
59.0 53.0 420.0 234.0
112.0 16.0 367.0 271.0
149.0 -37.0 330.0 324.0
91.0 53.0 452.0 234.0
144.0 16.0 399.0 271.0
181.0 -37.0 362.0 324.0
123.0 53.0 484.0 234.0
176.0 16.0 431.0 271.0
213.0 -37.0 394.0 324.0
155.0 53.0 516.0 234.0
208.0 16.0 463.0 271.0
245.0 -37.0 426.0 324.0
187.0 53.0 548.0 234.0
240.0 16.0 495.0 271.0
277.0 -37.0 458.0 324.0
219.0 53.0 580.0 234.0
272.0 16.0 527.0 271.0
309.0 -37.0 490.0 324.0
251.0 53.0 612.0 234.0
304.0 16.0 559.0 271.0
341.0 -37.0 522.0 324.0
283.0 53.0 644.0 234.0
336.0 16.0 591.0 271.0
373.0 -37.0 554.0 324.0
315.0 53.0 676.0 234.0
368.0 16.0 623.0 271.0
405.0 -37.0 586.0 324.0
347.0 53.0 708.0 234.0
400.0 16.0 655.0 271.0
437.0 -37.0 618.0 324.0
379.0 53.0 740.0 234.0
432.0 16.0 687.0 271.0
469.0 -37.0 650.0 324.0
411.0 53.0 772.0 234.0
464.0 16.0 719.0 271.0
501.0 -37.0 682.0 324.0
443.0 53.0 804.0 234.0
496.0 16.0 751.0 271.0
533.0 -37.0 714.0 324.0
475.0 53.0 836.0 234.0
528.0 16.0 783.0 271.0
565.0 -37.0 746.0 324.0
507.0 53.0 868.0 234.0
560.0 16.0 815.0 271.0
597.0 -37.0 778.0 324.0
539.0 53.0 900.0 234.0
592.0 16.0 847.0 271.0
629.0 -37.0 810.0 324.0
571.0 53.0 932.0 234.0
624.0 16.0 879.0 271.0
661.0 -37.0 842.0 324.0
603.0 53.0 964.0 234.0
656.0 16.0 911.0 271.0
693.0 -37.0 874.0 324.0
635.0 53.0 996.0 234.0
688.0 16.0 943.0 271.0
725.0 -37.0 906.0 324.0
667.0 53.0 1028.0 234.0
720.0 16.0 975.0 271.0
757.0 -37.0 938.0 324.0
699.0 53.0 1060.0 234.0
752.0 16.0 1007.0 271.0
789.0 -37.0 970.0 324.0
731.0 53.0 1092.0 234.0
784.0 16.0 1039.0 271.0
821.0 -37.0 1002.0 324.0
763.0 53.0 1124.0 234.0
816.0 16.0 1071.0 271.0
853.0 -37.0 1034.0 324.0
795.0 53.0 1156.0 234.0
848.0 16.0 1103.0 271.0
885.0 -37.0 1066.0 324.0
827.0 53.0 1188.0 234.0
880.0 16.0 1135.0 271.0
917.0 -37.0 1098.0 324.0
859.0 53.0 1220.0 234.0
912.0 16.0 1167.0 271.0
949.0 -37.0 1130.0 324.0
891.0 53.0 1252.0 234.0
944.0 16.0 1199.0 271.0
981.0 -37.0 1162.0 324.0
923.0 53.0 1284.0 234.0
976.0 16.0 1231.0 271.0
1013.0 -37.0 1194.0 324.0
955.0 53.0 1316.0 234.0
1008.0 16.0 1263.0 271.0
1045.0 -37.0 1226.0 324.0
987.0 53.0 1348.0 234.0
1040.0 16.0 1295.0 271.0
1077.0 -37.0 1258.0 324.0
1019.0 53.0 1380.0 234.0
1072.0 16.0 1327.0 271.0
1109.0 -37.0 1290.0 324.0
1051.0 53.0 1412.0 234.0
1104.0 16.0 1359.0 271.0
1141.0 -37.0 1322.0 324.0
1083.0 53.0 1444.0 234.0
1136.0 16.0 1391.0 271.0
1173.0 -37.0 1354.0 324.0
1115.0 53.0 1476.0 234.0
1168.0 16.0 1423.0 271.0
1205.0 -37.0 1386.0 324.0
1147.0 53.0 1508.0 234.0
1200.0 16.0 1455.0 271.0
1237.0 -37.0 1418.0 324.0
-165.0 85.0 196.0 266.0
-112.0 48.0 143.0 303.0
-75.0 -5.0 106.0 356.0
-133.0 85.0 228.0 266.0
-80.0 48.0 175.0 303.0
-43.0 -5.0 138.0 356.0
-101.0 85.0 260.0 266.0
-48.0 48.0 207.0 303.0
-11.0 -5.0 170.0 356.0
-69.0 85.0 292.0 266.0
-16.0 48.0 239.0 303.0
21.0 -5.0 202.0 356.0
-37.0 85.0 324.0 266.0
16.0 48.0 271.0 303.0
53.0 -5.0 234.0 356.0
-5.0 85.0 356.0 266.0
48.0 48.0 303.0 303.0
85.0 -5.0 266.0 356.0
27.0 85.0 388.0 266.0
80.0 48.0 335.0 303.0
117.0 -5.0 298.0 356.0
59.0 85.0 420.0 266.0
112.0 48.0 367.0 303.0
149.0 -5.0 330.0 356.0
91.0 85.0 452.0 266.0
144.0 48.0 399.0 303.0
181.0 -5.0 362.0 356.0
123.0 85.0 484.0 266.0
176.0 48.0 431.0 303.0
213.0 -5.0 394.0 356.0
155.0 85.0 516.0 266.0
208.0 48.0 463.0 303.0
245.0 -5.0 426.0 356.0
187.0 85.0 548.0 266.0
240.0 48.0 495.0 303.0
277.0 -5.0 458.0 356.0
219.0 85.0 580.0 266.0
272.0 48.0 527.0 303.0
309.0 -5.0 490.0 356.0
251.0 85.0 612.0 266.0
304.0 48.0 559.0 303.0
341.0 -5.0 522.0 356.0
283.0 85.0 644.0 266.0
336.0 48.0 591.0 303.0
373.0 -5.0 554.0 356.0
315.0 85.0 676.0 266.0
368.0 48.0 623.0 303.0
405.0 -5.0 586.0 356.0
347.0 85.0 708.0 266.0
400.0 48.0 655.0 303.0
437.0 -5.0 618.0 356.0
379.0 85.0 740.0 266.0
432.0 48.0 687.0 303.0
469.0 -5.0 650.0 356.0
411.0 85.0 772.0 266.0
464.0 48.0 719.0 303.0
501.0 -5.0 682.0 356.0
443.0 85.0 804.0 266.0
496.0 48.0 751.0 303.0
533.0 -5.0 714.0 356.0
475.0 85.0 836.0 266.0
528.0 48.0 783.0 303.0
565.0 -5.0 746.0 356.0
507.0 85.0 868.0 266.0
560.0 48.0 815.0 303.0
597.0 -5.0 778.0 356.0
539.0 85.0 900.0 266.0
592.0 48.0 847.0 303.0
629.0 -5.0 810.0 356.0
571.0 85.0 932.0 266.0
624.0 48.0 879.0 303.0
661.0 -5.0 842.0 356.0
603.0 85.0 964.0 266.0
656.0 48.0 911.0 303.0
693.0 -5.0 874.0 356.0
635.0 85.0 996.0 266.0
688.0 48.0 943.0 303.0
725.0 -5.0 906.0 356.0
667.0 85.0 1028.0 266.0
720.0 48.0 975.0 303.0
757.0 -5.0 938.0 356.0
699.0 85.0 1060.0 266.0
752.0 48.0 1007.0 303.0
789.0 -5.0 970.0 356.0
731.0 85.0 1092.0 266.0
784.0 48.0 1039.0 303.0
821.0 -5.0 1002.0 356.0
763.0 85.0 1124.0 266.0
816.0 48.0 1071.0 303.0
853.0 -5.0 1034.0 356.0
795.0 85.0 1156.0 266.0
848.0 48.0 1103.0 303.0
885.0 -5.0 1066.0 356.0
827.0 85.0 1188.0 266.0
880.0 48.0 1135.0 303.0
917.0 -5.0 1098.0 356.0
859.0 85.0 1220.0 266.0
912.0 48.0 1167.0 303.0
949.0 -5.0 1130.0 356.0
891.0 85.0 1252.0 266.0
944.0 48.0 1199.0 303.0
981.0 -5.0 1162.0 356.0
923.0 85.0 1284.0 266.0
976.0 48.0 1231.0 303.0
1013.0 -5.0 1194.0 356.0
955.0 85.0 1316.0 266.0
1008.0 48.0 1263.0 303.0
1045.0 -5.0 1226.0 356.0
987.0 85.0 1348.0 266.0
1040.0 48.0 1295.0 303.0
1077.0 -5.0 1258.0 356.0
1019.0 85.0 1380.0 266.0
1072.0 48.0 1327.0 303.0
1109.0 -5.0 1290.0 356.0
1051.0 85.0 1412.0 266.0
1104.0 48.0 1359.0 303.0
1141.0 -5.0 1322.0 356.0
1083.0 85.0 1444.0 266.0
1136.0 48.0 1391.0 303.0
1173.0 -5.0 1354.0 356.0
1115.0 85.0 1476.0 266.0
1168.0 48.0 1423.0 303.0
1205.0 -5.0 1386.0 356.0
1147.0 85.0 1508.0 266.0
1200.0 48.0 1455.0 303.0
1237.0 -5.0 1418.0 356.0
-165.0 117.0 196.0 298.0
-112.0 80.0 143.0 335.0
-75.0 27.0 106.0 388.0
-133.0 117.0 228.0 298.0
-80.0 80.0 175.0 335.0
-43.0 27.0 138.0 388.0
-101.0 117.0 260.0 298.0
-48.0 80.0 207.0 335.0
-11.0 27.0 170.0 388.0
-69.0 117.0 292.0 298.0
-16.0 80.0 239.0 335.0
21.0 27.0 202.0 388.0
-37.0 117.0 324.0 298.0
16.0 80.0 271.0 335.0
53.0 27.0 234.0 388.0
-5.0 117.0 356.0 298.0
48.0 80.0 303.0 335.0
85.0 27.0 266.0 388.0
27.0 117.0 388.0 298.0
80.0 80.0 335.0 335.0
117.0 27.0 298.0 388.0
59.0 117.0 420.0 298.0
112.0 80.0 367.0 335.0
149.0 27.0 330.0 388.0
91.0 117.0 452.0 298.0
144.0 80.0 399.0 335.0
181.0 27.0 362.0 388.0
123.0 117.0 484.0 298.0
176.0 80.0 431.0 335.0
213.0 27.0 394.0 388.0
155.0 117.0 516.0 298.0
208.0 80.0 463.0 335.0
245.0 27.0 426.0 388.0
187.0 117.0 548.0 298.0
240.0 80.0 495.0 335.0
277.0 27.0 458.0 388.0
219.0 117.0 580.0 298.0
272.0 80.0 527.0 335.0
309.0 27.0 490.0 388.0
251.0 117.0 612.0 298.0
304.0 80.0 559.0 335.0
341.0 27.0 522.0 388.0
283.0 117.0 644.0 298.0
336.0 80.0 591.0 335.0
373.0 27.0 554.0 388.0
315.0 117.0 676.0 298.0
368.0 80.0 623.0 335.0
405.0 27.0 586.0 388.0
347.0 117.0 708.0 298.0
400.0 80.0 655.0 335.0
437.0 27.0 618.0 388.0
379.0 117.0 740.0 298.0
432.0 80.0 687.0 335.0
469.0 27.0 650.0 388.0
411.0 117.0 772.0 298.0
464.0 80.0 719.0 335.0
501.0 27.0 682.0 388.0
443.0 117.0 804.0 298.0
496.0 80.0 751.0 335.0
533.0 27.0 714.0 388.0
475.0 117.0 836.0 298.0
528.0 80.0 783.0 335.0
565.0 27.0 746.0 388.0
507.0 117.0 868.0 298.0
560.0 80.0 815.0 335.0
597.0 27.0 778.0 388.0
539.0 117.0 900.0 298.0
592.0 80.0 847.0 335.0
629.0 27.0 810.0 388.0
571.0 117.0 932.0 298.0
624.0 80.0 879.0 335.0
661.0 27.0 842.0 388.0
603.0 117.0 964.0 298.0
656.0 80.0 911.0 335.0
693.0 27.0 874.0 388.0
635.0 117.0 996.0 298.0
688.0 80.0 943.0 335.0
725.0 27.0 906.0 388.0
667.0 117.0 1028.0 298.0
720.0 80.0 975.0 335.0
757.0 27.0 938.0 388.0
699.0 117.0 1060.0 298.0
752.0 80.0 1007.0 335.0
789.0 27.0 970.0 388.0
731.0 117.0 1092.0 298.0
784.0 80.0 1039.0 335.0
821.0 27.0 1002.0 388.0
763.0 117.0 1124.0 298.0
816.0 80.0 1071.0 335.0
853.0 27.0 1034.0 388.0
795.0 117.0 1156.0 298.0
848.0 80.0 1103.0 335.0
885.0 27.0 1066.0 388.0
827.0 117.0 1188.0 298.0
880.0 80.0 1135.0 335.0
917.0 27.0 1098.0 388.0
859.0 117.0 1220.0 298.0
912.0 80.0 1167.0 335.0
949.0 27.0 1130.0 388.0
891.0 117.0 1252.0 298.0
944.0 80.0 1199.0 335.0
981.0 27.0 1162.0 388.0
923.0 117.0 1284.0 298.0
976.0 80.0 1231.0 335.0
1013.0 27.0 1194.0 388.0
955.0 117.0 1316.0 298.0
1008.0 80.0 1263.0 335.0
1045.0 27.0 1226.0 388.0
987.0 117.0 1348.0 298.0
1040.0 80.0 1295.0 335.0
1077.0 27.0 1258.0 388.0
1019.0 117.0 1380.0 298.0
1072.0 80.0 1327.0 335.0
1109.0 27.0 1290.0 388.0
1051.0 117.0 1412.0 298.0
1104.0 80.0 1359.0 335.0
1141.0 27.0 1322.0 388.0
1083.0 117.0 1444.0 298.0
1136.0 80.0 1391.0 335.0
1173.0 27.0 1354.0 388.0
1115.0 117.0 1476.0 298.0
1168.0 80.0 1423.0 335.0
1205.0 27.0 1386.0 388.0
1147.0 117.0 1508.0 298.0
1200.0 80.0 1455.0 335.0
1237.0 27.0 1418.0 388.0
-165.0 149.0 196.0 330.0
-112.0 112.0 143.0 367.0
-75.0 59.0 106.0 420.0
-133.0 149.0 228.0 330.0
-80.0 112.0 175.0 367.0
-43.0 59.0 138.0 420.0
-101.0 149.0 260.0 330.0
-48.0 112.0 207.0 367.0
-11.0 59.0 170.0 420.0
-69.0 149.0 292.0 330.0
-16.0 112.0 239.0 367.0
21.0 59.0 202.0 420.0
-37.0 149.0 324.0 330.0
16.0 112.0 271.0 367.0
53.0 59.0 234.0 420.0
-5.0 149.0 356.0 330.0
48.0 112.0 303.0 367.0
85.0 59.0 266.0 420.0
27.0 149.0 388.0 330.0
80.0 112.0 335.0 367.0
117.0 59.0 298.0 420.0
59.0 149.0 420.0 330.0
112.0 112.0 367.0 367.0
149.0 59.0 330.0 420.0
91.0 149.0 452.0 330.0
144.0 112.0 399.0 367.0
181.0 59.0 362.0 420.0
123.0 149.0 484.0 330.0
176.0 112.0 431.0 367.0
213.0 59.0 394.0 420.0
155.0 149.0 516.0 330.0
208.0 112.0 463.0 367.0
245.0 59.0 426.0 420.0
187.0 149.0 548.0 330.0
240.0 112.0 495.0 367.0
277.0 59.0 458.0 420.0
219.0 149.0 580.0 330.0
272.0 112.0 527.0 367.0
309.0 59.0 490.0 420.0
251.0 149.0 612.0 330.0
304.0 112.0 559.0 367.0
341.0 59.0 522.0 420.0
283.0 149.0 644.0 330.0
336.0 112.0 591.0 367.0
373.0 59.0 554.0 420.0
315.0 149.0 676.0 330.0
368.0 112.0 623.0 367.0
405.0 59.0 586.0 420.0
347.0 149.0 708.0 330.0
400.0 112.0 655.0 367.0
437.0 59.0 618.0 420.0
379.0 149.0 740.0 330.0
432.0 112.0 687.0 367.0
469.0 59.0 650.0 420.0
411.0 149.0 772.0 330.0
464.0 112.0 719.0 367.0
501.0 59.0 682.0 420.0
443.0 149.0 804.0 330.0
496.0 112.0 751.0 367.0
533.0 59.0 714.0 420.0
475.0 149.0 836.0 330.0
528.0 112.0 783.0 367.0
565.0 59.0 746.0 420.0
507.0 149.0 868.0 330.0
560.0 112.0 815.0 367.0
597.0 59.0 778.0 420.0
539.0 149.0 900.0 330.0
592.0 112.0 847.0 367.0
629.0 59.0 810.0 420.0
571.0 149.0 932.0 330.0
624.0 112.0 879.0 367.0
661.0 59.0 842.0 420.0
603.0 149.0 964.0 330.0
656.0 112.0 911.0 367.0
693.0 59.0 874.0 420.0
635.0 149.0 996.0 330.0
688.0 112.0 943.0 367.0
725.0 59.0 906.0 420.0
667.0 149.0 1028.0 330.0
720.0 112.0 975.0 367.0
757.0 59.0 938.0 420.0
699.0 149.0 1060.0 330.0
752.0 112.0 1007.0 367.0
789.0 59.0 970.0 420.0
731.0 149.0 1092.0 330.0
784.0 112.0 1039.0 367.0
821.0 59.0 1002.0 420.0
763.0 149.0 1124.0 330.0
816.0 112.0 1071.0 367.0
853.0 59.0 1034.0 420.0
795.0 149.0 1156.0 330.0
848.0 112.0 1103.0 367.0
885.0 59.0 1066.0 420.0
827.0 149.0 1188.0 330.0
880.0 112.0 1135.0 367.0
917.0 59.0 1098.0 420.0
859.0 149.0 1220.0 330.0
912.0 112.0 1167.0 367.0
949.0 59.0 1130.0 420.0
891.0 149.0 1252.0 330.0
944.0 112.0 1199.0 367.0
981.0 59.0 1162.0 420.0
923.0 149.0 1284.0 330.0
976.0 112.0 1231.0 367.0
1013.0 59.0 1194.0 420.0
955.0 149.0 1316.0 330.0
1008.0 112.0 1263.0 367.0
1045.0 59.0 1226.0 420.0
987.0 149.0 1348.0 330.0
1040.0 112.0 1295.0 367.0
1077.0 59.0 1258.0 420.0
1019.0 149.0 1380.0 330.0
1072.0 112.0 1327.0 367.0
1109.0 59.0 1290.0 420.0
1051.0 149.0 1412.0 330.0
1104.0 112.0 1359.0 367.0
1141.0 59.0 1322.0 420.0
1083.0 149.0 1444.0 330.0
1136.0 112.0 1391.0 367.0
1173.0 59.0 1354.0 420.0
1115.0 149.0 1476.0 330.0
1168.0 112.0 1423.0 367.0
1205.0 59.0 1386.0 420.0
1147.0 149.0 1508.0 330.0
1200.0 112.0 1455.0 367.0
1237.0 59.0 1418.0 420.0
-165.0 181.0 196.0 362.0
-112.0 144.0 143.0 399.0
-75.0 91.0 106.0 452.0
-133.0 181.0 228.0 362.0
-80.0 144.0 175.0 399.0
-43.0 91.0 138.0 452.0
-101.0 181.0 260.0 362.0
-48.0 144.0 207.0 399.0
-11.0 91.0 170.0 452.0
-69.0 181.0 292.0 362.0
-16.0 144.0 239.0 399.0
21.0 91.0 202.0 452.0
-37.0 181.0 324.0 362.0
16.0 144.0 271.0 399.0
53.0 91.0 234.0 452.0
-5.0 181.0 356.0 362.0
48.0 144.0 303.0 399.0
85.0 91.0 266.0 452.0
27.0 181.0 388.0 362.0
80.0 144.0 335.0 399.0
117.0 91.0 298.0 452.0
59.0 181.0 420.0 362.0
112.0 144.0 367.0 399.0
149.0 91.0 330.0 452.0
91.0 181.0 452.0 362.0
144.0 144.0 399.0 399.0
181.0 91.0 362.0 452.0
123.0 181.0 484.0 362.0
176.0 144.0 431.0 399.0
213.0 91.0 394.0 452.0
155.0 181.0 516.0 362.0
208.0 144.0 463.0 399.0
245.0 91.0 426.0 452.0
187.0 181.0 548.0 362.0
240.0 144.0 495.0 399.0
277.0 91.0 458.0 452.0
219.0 181.0 580.0 362.0
272.0 144.0 527.0 399.0
309.0 91.0 490.0 452.0
251.0 181.0 612.0 362.0
304.0 144.0 559.0 399.0
341.0 91.0 522.0 452.0
283.0 181.0 644.0 362.0
336.0 144.0 591.0 399.0
373.0 91.0 554.0 452.0
315.0 181.0 676.0 362.0
368.0 144.0 623.0 399.0
405.0 91.0 586.0 452.0
347.0 181.0 708.0 362.0
400.0 144.0 655.0 399.0
437.0 91.0 618.0 452.0
379.0 181.0 740.0 362.0
432.0 144.0 687.0 399.0
469.0 91.0 650.0 452.0
411.0 181.0 772.0 362.0
464.0 144.0 719.0 399.0
501.0 91.0 682.0 452.0
443.0 181.0 804.0 362.0
496.0 144.0 751.0 399.0
533.0 91.0 714.0 452.0
475.0 181.0 836.0 362.0
528.0 144.0 783.0 399.0
565.0 91.0 746.0 452.0
507.0 181.0 868.0 362.0
560.0 144.0 815.0 399.0
597.0 91.0 778.0 452.0
539.0 181.0 900.0 362.0
592.0 144.0 847.0 399.0
629.0 91.0 810.0 452.0
571.0 181.0 932.0 362.0
624.0 144.0 879.0 399.0
661.0 91.0 842.0 452.0
603.0 181.0 964.0 362.0
656.0 144.0 911.0 399.0
693.0 91.0 874.0 452.0
635.0 181.0 996.0 362.0
688.0 144.0 943.0 399.0
725.0 91.0 906.0 452.0
667.0 181.0 1028.0 362.0
720.0 144.0 975.0 399.0
757.0 91.0 938.0 452.0
699.0 181.0 1060.0 362.0
752.0 144.0 1007.0 399.0
789.0 91.0 970.0 452.0
731.0 181.0 1092.0 362.0
784.0 144.0 1039.0 399.0
821.0 91.0 1002.0 452.0
763.0 181.0 1124.0 362.0
816.0 144.0 1071.0 399.0
853.0 91.0 1034.0 452.0
795.0 181.0 1156.0 362.0
848.0 144.0 1103.0 399.0
885.0 91.0 1066.0 452.0
827.0 181.0 1188.0 362.0
880.0 144.0 1135.0 399.0
917.0 91.0 1098.0 452.0
859.0 181.0 1220.0 362.0
912.0 144.0 1167.0 399.0
949.0 91.0 1130.0 452.0
891.0 181.0 1252.0 362.0
944.0 144.0 1199.0 399.0
981.0 91.0 1162.0 452.0
923.0 181.0 1284.0 362.0
976.0 144.0 1231.0 399.0
1013.0 91.0 1194.0 452.0
955.0 181.0 1316.0 362.0
1008.0 144.0 1263.0 399.0
1045.0 91.0 1226.0 452.0
987.0 181.0 1348.0 362.0
1040.0 144.0 1295.0 399.0
1077.0 91.0 1258.0 452.0
1019.0 181.0 1380.0 362.0
1072.0 144.0 1327.0 399.0
1109.0 91.0 1290.0 452.0
1051.0 181.0 1412.0 362.0
1104.0 144.0 1359.0 399.0
1141.0 91.0 1322.0 452.0
1083.0 181.0 1444.0 362.0
1136.0 144.0 1391.0 399.0
1173.0 91.0 1354.0 452.0
1115.0 181.0 1476.0 362.0
1168.0 144.0 1423.0 399.0
1205.0 91.0 1386.0 452.0
1147.0 181.0 1508.0 362.0
1200.0 144.0 1455.0 399.0
1237.0 91.0 1418.0 452.0
-165.0 213.0 196.0 394.0
-112.0 176.0 143.0 431.0
-75.0 123.0 106.0 484.0
-133.0 213.0 228.0 394.0
-80.0 176.0 175.0 431.0
-43.0 123.0 138.0 484.0
-101.0 213.0 260.0 394.0
-48.0 176.0 207.0 431.0
-11.0 123.0 170.0 484.0
-69.0 213.0 292.0 394.0
-16.0 176.0 239.0 431.0
21.0 123.0 202.0 484.0
-37.0 213.0 324.0 394.0
16.0 176.0 271.0 431.0
53.0 123.0 234.0 484.0
-5.0 213.0 356.0 394.0
48.0 176.0 303.0 431.0
85.0 123.0 266.0 484.0
27.0 213.0 388.0 394.0
80.0 176.0 335.0 431.0
117.0 123.0 298.0 484.0
59.0 213.0 420.0 394.0
112.0 176.0 367.0 431.0
149.0 123.0 330.0 484.0
91.0 213.0 452.0 394.0
144.0 176.0 399.0 431.0
181.0 123.0 362.0 484.0
123.0 213.0 484.0 394.0
176.0 176.0 431.0 431.0
213.0 123.0 394.0 484.0
155.0 213.0 516.0 394.0
208.0 176.0 463.0 431.0
245.0 123.0 426.0 484.0
187.0 213.0 548.0 394.0
240.0 176.0 495.0 431.0
277.0 123.0 458.0 484.0
219.0 213.0 580.0 394.0
272.0 176.0 527.0 431.0
309.0 123.0 490.0 484.0
251.0 213.0 612.0 394.0
304.0 176.0 559.0 431.0
341.0 123.0 522.0 484.0
283.0 213.0 644.0 394.0
336.0 176.0 591.0 431.0
373.0 123.0 554.0 484.0
315.0 213.0 676.0 394.0
368.0 176.0 623.0 431.0
405.0 123.0 586.0 484.0
347.0 213.0 708.0 394.0
400.0 176.0 655.0 431.0
437.0 123.0 618.0 484.0
379.0 213.0 740.0 394.0
432.0 176.0 687.0 431.0
469.0 123.0 650.0 484.0
411.0 213.0 772.0 394.0
464.0 176.0 719.0 431.0
501.0 123.0 682.0 484.0
443.0 213.0 804.0 394.0
496.0 176.0 751.0 431.0
533.0 123.0 714.0 484.0
475.0 213.0 836.0 394.0
528.0 176.0 783.0 431.0
565.0 123.0 746.0 484.0
507.0 213.0 868.0 394.0
560.0 176.0 815.0 431.0
597.0 123.0 778.0 484.0
539.0 213.0 900.0 394.0
592.0 176.0 847.0 431.0
629.0 123.0 810.0 484.0
571.0 213.0 932.0 394.0
624.0 176.0 879.0 431.0
661.0 123.0 842.0 484.0
603.0 213.0 964.0 394.0
656.0 176.0 911.0 431.0
693.0 123.0 874.0 484.0
635.0 213.0 996.0 394.0
688.0 176.0 943.0 431.0
725.0 123.0 906.0 484.0
667.0 213.0 1028.0 394.0
720.0 176.0 975.0 431.0
757.0 123.0 938.0 484.0
699.0 213.0 1060.0 394.0
752.0 176.0 1007.0 431.0
789.0 123.0 970.0 484.0
731.0 213.0 1092.0 394.0
784.0 176.0 1039.0 431.0
821.0 123.0 1002.0 484.0
763.0 213.0 1124.0 394.0
816.0 176.0 1071.0 431.0
853.0 123.0 1034.0 484.0
795.0 213.0 1156.0 394.0
848.0 176.0 1103.0 431.0
885.0 123.0 1066.0 484.0
827.0 213.0 1188.0 394.0
880.0 176.0 1135.0 431.0
917.0 123.0 1098.0 484.0
859.0 213.0 1220.0 394.0
912.0 176.0 1167.0 431.0
949.0 123.0 1130.0 484.0
891.0 213.0 1252.0 394.0
944.0 176.0 1199.0 431.0
981.0 123.0 1162.0 484.0
923.0 213.0 1284.0 394.0
976.0 176.0 1231.0 431.0
1013.0 123.0 1194.0 484.0
955.0 213.0 1316.0 394.0
1008.0 176.0 1263.0 431.0
1045.0 123.0 1226.0 484.0
987.0 213.0 1348.0 394.0
1040.0 176.0 1295.0 431.0
1077.0 123.0 1258.0 484.0
1019.0 213.0 1380.0 394.0
1072.0 176.0 1327.0 431.0
1109.0 123.0 1290.0 484.0
1051.0 213.0 1412.0 394.0
1104.0 176.0 1359.0 431.0
1141.0 123.0 1322.0 484.0
1083.0 213.0 1444.0 394.0
1136.0 176.0 1391.0 431.0
1173.0 123.0 1354.0 484.0
1115.0 213.0 1476.0 394.0
1168.0 176.0 1423.0 431.0
1205.0 123.0 1386.0 484.0
1147.0 213.0 1508.0 394.0
1200.0 176.0 1455.0 431.0
1237.0 123.0 1418.0 484.0
-165.0 245.0 196.0 426.0
-112.0 208.0 143.0 463.0
-75.0 155.0 106.0 516.0
-133.0 245.0 228.0 426.0
-80.0 208.0 175.0 463.0
-43.0 155.0 138.0 516.0
-101.0 245.0 260.0 426.0
-48.0 208.0 207.0 463.0
-11.0 155.0 170.0 516.0
-69.0 245.0 292.0 426.0
-16.0 208.0 239.0 463.0
21.0 155.0 202.0 516.0
-37.0 245.0 324.0 426.0
16.0 208.0 271.0 463.0
53.0 155.0 234.0 516.0
-5.0 245.0 356.0 426.0
48.0 208.0 303.0 463.0
85.0 155.0 266.0 516.0
27.0 245.0 388.0 426.0
80.0 208.0 335.0 463.0
117.0 155.0 298.0 516.0
59.0 245.0 420.0 426.0
112.0 208.0 367.0 463.0
149.0 155.0 330.0 516.0
91.0 245.0 452.0 426.0
144.0 208.0 399.0 463.0
181.0 155.0 362.0 516.0
123.0 245.0 484.0 426.0
176.0 208.0 431.0 463.0
213.0 155.0 394.0 516.0
155.0 245.0 516.0 426.0
208.0 208.0 463.0 463.0
245.0 155.0 426.0 516.0
187.0 245.0 548.0 426.0
240.0 208.0 495.0 463.0
277.0 155.0 458.0 516.0
219.0 245.0 580.0 426.0
272.0 208.0 527.0 463.0
309.0 155.0 490.0 516.0
251.0 245.0 612.0 426.0
304.0 208.0 559.0 463.0
341.0 155.0 522.0 516.0
283.0 245.0 644.0 426.0
336.0 208.0 591.0 463.0
373.0 155.0 554.0 516.0
315.0 245.0 676.0 426.0
368.0 208.0 623.0 463.0
405.0 155.0 586.0 516.0
347.0 245.0 708.0 426.0
400.0 208.0 655.0 463.0
437.0 155.0 618.0 516.0
379.0 245.0 740.0 426.0
432.0 208.0 687.0 463.0
469.0 155.0 650.0 516.0
411.0 245.0 772.0 426.0
464.0 208.0 719.0 463.0
501.0 155.0 682.0 516.0
443.0 245.0 804.0 426.0
496.0 208.0 751.0 463.0
533.0 155.0 714.0 516.0
475.0 245.0 836.0 426.0
528.0 208.0 783.0 463.0
565.0 155.0 746.0 516.0
507.0 245.0 868.0 426.0
560.0 208.0 815.0 463.0
597.0 155.0 778.0 516.0
539.0 245.0 900.0 426.0
592.0 208.0 847.0 463.0
629.0 155.0 810.0 516.0
571.0 245.0 932.0 426.0
624.0 208.0 879.0 463.0
661.0 155.0 842.0 516.0
603.0 245.0 964.0 426.0
656.0 208.0 911.0 463.0
693.0 155.0 874.0 516.0
635.0 245.0 996.0 426.0
688.0 208.0 943.0 463.0
725.0 155.0 906.0 516.0
667.0 245.0 1028.0 426.0
720.0 208.0 975.0 463.0
757.0 155.0 938.0 516.0
699.0 245.0 1060.0 426.0
752.0 208.0 1007.0 463.0
789.0 155.0 970.0 516.0
731.0 245.0 1092.0 426.0
784.0 208.0 1039.0 463.0
821.0 155.0 1002.0 516.0
763.0 245.0 1124.0 426.0
816.0 208.0 1071.0 463.0
853.0 155.0 1034.0 516.0
795.0 245.0 1156.0 426.0
848.0 208.0 1103.0 463.0
885.0 155.0 1066.0 516.0
827.0 245.0 1188.0 426.0
880.0 208.0 1135.0 463.0
917.0 155.0 1098.0 516.0
859.0 245.0 1220.0 426.0
912.0 208.0 1167.0 463.0
949.0 155.0 1130.0 516.0
891.0 245.0 1252.0 426.0
944.0 208.0 1199.0 463.0
981.0 155.0 1162.0 516.0
923.0 245.0 1284.0 426.0
976.0 208.0 1231.0 463.0
1013.0 155.0 1194.0 516.0
955.0 245.0 1316.0 426.0
1008.0 208.0 1263.0 463.0
1045.0 155.0 1226.0 516.0
987.0 245.0 1348.0 426.0
1040.0 208.0 1295.0 463.0
1077.0 155.0 1258.0 516.0
1019.0 245.0 1380.0 426.0
1072.0 208.0 1327.0 463.0
1109.0 155.0 1290.0 516.0
1051.0 245.0 1412.0 426.0
1104.0 208.0 1359.0 463.0
1141.0 155.0 1322.0 516.0
1083.0 245.0 1444.0 426.0
1136.0 208.0 1391.0 463.0
1173.0 155.0 1354.0 516.0
1115.0 245.0 1476.0 426.0
1168.0 208.0 1423.0 463.0
1205.0 155.0 1386.0 516.0
1147.0 245.0 1508.0 426.0
1200.0 208.0 1455.0 463.0
1237.0 155.0 1418.0 516.0
-165.0 277.0 196.0 458.0
-112.0 240.0 143.0 495.0
-75.0 187.0 106.0 548.0
-133.0 277.0 228.0 458.0
-80.0 240.0 175.0 495.0
-43.0 187.0 138.0 548.0
-101.0 277.0 260.0 458.0
-48.0 240.0 207.0 495.0
-11.0 187.0 170.0 548.0
-69.0 277.0 292.0 458.0
-16.0 240.0 239.0 495.0
21.0 187.0 202.0 548.0
-37.0 277.0 324.0 458.0
16.0 240.0 271.0 495.0
53.0 187.0 234.0 548.0
-5.0 277.0 356.0 458.0
48.0 240.0 303.0 495.0
85.0 187.0 266.0 548.0
27.0 277.0 388.0 458.0
80.0 240.0 335.0 495.0
117.0 187.0 298.0 548.0
59.0 277.0 420.0 458.0
112.0 240.0 367.0 495.0
149.0 187.0 330.0 548.0
91.0 277.0 452.0 458.0
144.0 240.0 399.0 495.0
181.0 187.0 362.0 548.0
123.0 277.0 484.0 458.0
176.0 240.0 431.0 495.0
213.0 187.0 394.0 548.0
155.0 277.0 516.0 458.0
208.0 240.0 463.0 495.0
245.0 187.0 426.0 548.0
187.0 277.0 548.0 458.0
240.0 240.0 495.0 495.0
277.0 187.0 458.0 548.0
219.0 277.0 580.0 458.0
272.0 240.0 527.0 495.0
309.0 187.0 490.0 548.0
251.0 277.0 612.0 458.0
304.0 240.0 559.0 495.0
341.0 187.0 522.0 548.0
283.0 277.0 644.0 458.0
336.0 240.0 591.0 495.0
373.0 187.0 554.0 548.0
315.0 277.0 676.0 458.0
368.0 240.0 623.0 495.0
405.0 187.0 586.0 548.0
347.0 277.0 708.0 458.0
400.0 240.0 655.0 495.0
437.0 187.0 618.0 548.0
379.0 277.0 740.0 458.0
432.0 240.0 687.0 495.0
469.0 187.0 650.0 548.0
411.0 277.0 772.0 458.0
464.0 240.0 719.0 495.0
501.0 187.0 682.0 548.0
443.0 277.0 804.0 458.0
496.0 240.0 751.0 495.0
533.0 187.0 714.0 548.0
475.0 277.0 836.0 458.0
528.0 240.0 783.0 495.0
565.0 187.0 746.0 548.0
507.0 277.0 868.0 458.0
560.0 240.0 815.0 495.0
597.0 187.0 778.0 548.0
539.0 277.0 900.0 458.0
592.0 240.0 847.0 495.0
629.0 187.0 810.0 548.0
571.0 277.0 932.0 458.0
624.0 240.0 879.0 495.0
661.0 187.0 842.0 548.0
603.0 277.0 964.0 458.0
656.0 240.0 911.0 495.0
693.0 187.0 874.0 548.0
635.0 277.0 996.0 458.0
688.0 240.0 943.0 495.0
725.0 187.0 906.0 548.0
667.0 277.0 1028.0 458.0
720.0 240.0 975.0 495.0
757.0 187.0 938.0 548.0
699.0 277.0 1060.0 458.0
752.0 240.0 1007.0 495.0
789.0 187.0 970.0 548.0
731.0 277.0 1092.0 458.0
784.0 240.0 1039.0 495.0
821.0 187.0 1002.0 548.0
763.0 277.0 1124.0 458.0
816.0 240.0 1071.0 495.0
853.0 187.0 1034.0 548.0
795.0 277.0 1156.0 458.0
848.0 240.0 1103.0 495.0
885.0 187.0 1066.0 548.0
827.0 277.0 1188.0 458.0
880.0 240.0 1135.0 495.0
917.0 187.0 1098.0 548.0
859.0 277.0 1220.0 458.0
912.0 240.0 1167.0 495.0
949.0 187.0 1130.0 548.0
891.0 277.0 1252.0 458.0
944.0 240.0 1199.0 495.0
981.0 187.0 1162.0 548.0
923.0 277.0 1284.0 458.0
976.0 240.0 1231.0 495.0
1013.0 187.0 1194.0 548.0
955.0 277.0 1316.0 458.0
1008.0 240.0 1263.0 495.0
1045.0 187.0 1226.0 548.0
987.0 277.0 1348.0 458.0
1040.0 240.0 1295.0 495.0
1077.0 187.0 1258.0 548.0
1019.0 277.0 1380.0 458.0
1072.0 240.0 1327.0 495.0
1109.0 187.0 1290.0 548.0
1051.0 277.0 1412.0 458.0
1104.0 240.0 1359.0 495.0
1141.0 187.0 1322.0 548.0
1083.0 277.0 1444.0 458.0
1136.0 240.0 1391.0 495.0
1173.0 187.0 1354.0 548.0
1115.0 277.0 1476.0 458.0
1168.0 240.0 1423.0 495.0
1205.0 187.0 1386.0 548.0
1147.0 277.0 1508.0 458.0
1200.0 240.0 1455.0 495.0
1237.0 187.0 1418.0 548.0
-165.0 309.0 196.0 490.0
-112.0 272.0 143.0 527.0
-75.0 219.0 106.0 580.0
-133.0 309.0 228.0 490.0
-80.0 272.0 175.0 527.0
-43.0 219.0 138.0 580.0
-101.0 309.0 260.0 490.0
-48.0 272.0 207.0 527.0
-11.0 219.0 170.0 580.0
-69.0 309.0 292.0 490.0
-16.0 272.0 239.0 527.0
21.0 219.0 202.0 580.0
-37.0 309.0 324.0 490.0
16.0 272.0 271.0 527.0
53.0 219.0 234.0 580.0
-5.0 309.0 356.0 490.0
48.0 272.0 303.0 527.0
85.0 219.0 266.0 580.0
27.0 309.0 388.0 490.0
80.0 272.0 335.0 527.0
117.0 219.0 298.0 580.0
59.0 309.0 420.0 490.0
112.0 272.0 367.0 527.0
149.0 219.0 330.0 580.0
91.0 309.0 452.0 490.0
144.0 272.0 399.0 527.0
181.0 219.0 362.0 580.0
123.0 309.0 484.0 490.0
176.0 272.0 431.0 527.0
213.0 219.0 394.0 580.0
155.0 309.0 516.0 490.0
208.0 272.0 463.0 527.0
245.0 219.0 426.0 580.0
187.0 309.0 548.0 490.0
240.0 272.0 495.0 527.0
277.0 219.0 458.0 580.0
219.0 309.0 580.0 490.0
272.0 272.0 527.0 527.0
309.0 219.0 490.0 580.0
251.0 309.0 612.0 490.0
304.0 272.0 559.0 527.0
341.0 219.0 522.0 580.0
283.0 309.0 644.0 490.0
336.0 272.0 591.0 527.0
373.0 219.0 554.0 580.0
315.0 309.0 676.0 490.0
368.0 272.0 623.0 527.0
405.0 219.0 586.0 580.0
347.0 309.0 708.0 490.0
400.0 272.0 655.0 527.0
437.0 219.0 618.0 580.0
379.0 309.0 740.0 490.0
432.0 272.0 687.0 527.0
469.0 219.0 650.0 580.0
411.0 309.0 772.0 490.0
464.0 272.0 719.0 527.0
501.0 219.0 682.0 580.0
443.0 309.0 804.0 490.0
496.0 272.0 751.0 527.0
533.0 219.0 714.0 580.0
475.0 309.0 836.0 490.0
528.0 272.0 783.0 527.0
565.0 219.0 746.0 580.0
507.0 309.0 868.0 490.0
560.0 272.0 815.0 527.0
597.0 219.0 778.0 580.0
539.0 309.0 900.0 490.0
592.0 272.0 847.0 527.0
629.0 219.0 810.0 580.0
571.0 309.0 932.0 490.0
624.0 272.0 879.0 527.0
661.0 219.0 842.0 580.0
603.0 309.0 964.0 490.0
656.0 272.0 911.0 527.0
693.0 219.0 874.0 580.0
635.0 309.0 996.0 490.0
688.0 272.0 943.0 527.0
725.0 219.0 906.0 580.0
667.0 309.0 1028.0 490.0
720.0 272.0 975.0 527.0
757.0 219.0 938.0 580.0
699.0 309.0 1060.0 490.0
752.0 272.0 1007.0 527.0
789.0 219.0 970.0 580.0
731.0 309.0 1092.0 490.0
784.0 272.0 1039.0 527.0
821.0 219.0 1002.0 580.0
763.0 309.0 1124.0 490.0
816.0 272.0 1071.0 527.0
853.0 219.0 1034.0 580.0
795.0 309.0 1156.0 490.0
848.0 272.0 1103.0 527.0
885.0 219.0 1066.0 580.0
827.0 309.0 1188.0 490.0
880.0 272.0 1135.0 527.0
917.0 219.0 1098.0 580.0
859.0 309.0 1220.0 490.0
912.0 272.0 1167.0 527.0
949.0 219.0 1130.0 580.0
891.0 309.0 1252.0 490.0
944.0 272.0 1199.0 527.0
981.0 219.0 1162.0 580.0
923.0 309.0 1284.0 490.0
976.0 272.0 1231.0 527.0
1013.0 219.0 1194.0 580.0
955.0 309.0 1316.0 490.0
1008.0 272.0 1263.0 527.0
1045.0 219.0 1226.0 580.0
987.0 309.0 1348.0 490.0
1040.0 272.0 1295.0 527.0
1077.0 219.0 1258.0 580.0
1019.0 309.0 1380.0 490.0
1072.0 272.0 1327.0 527.0
1109.0 219.0 1290.0 580.0
1051.0 309.0 1412.0 490.0
1104.0 272.0 1359.0 527.0
1141.0 219.0 1322.0 580.0
1083.0 309.0 1444.0 490.0
1136.0 272.0 1391.0 527.0
1173.0 219.0 1354.0 580.0
1115.0 309.0 1476.0 490.0
1168.0 272.0 1423.0 527.0
1205.0 219.0 1386.0 580.0
1147.0 309.0 1508.0 490.0
1200.0 272.0 1455.0 527.0
1237.0 219.0 1418.0 580.0
-165.0 341.0 196.0 522.0
-112.0 304.0 143.0 559.0
-75.0 251.0 106.0 612.0
-133.0 341.0 228.0 522.0
-80.0 304.0 175.0 559.0
-43.0 251.0 138.0 612.0
-101.0 341.0 260.0 522.0
-48.0 304.0 207.0 559.0
-11.0 251.0 170.0 612.0
-69.0 341.0 292.0 522.0
-16.0 304.0 239.0 559.0
21.0 251.0 202.0 612.0
-37.0 341.0 324.0 522.0
16.0 304.0 271.0 559.0
53.0 251.0 234.0 612.0
-5.0 341.0 356.0 522.0
48.0 304.0 303.0 559.0
85.0 251.0 266.0 612.0
27.0 341.0 388.0 522.0
80.0 304.0 335.0 559.0
117.0 251.0 298.0 612.0
59.0 341.0 420.0 522.0
112.0 304.0 367.0 559.0
149.0 251.0 330.0 612.0
91.0 341.0 452.0 522.0
144.0 304.0 399.0 559.0
181.0 251.0 362.0 612.0
123.0 341.0 484.0 522.0
176.0 304.0 431.0 559.0
213.0 251.0 394.0 612.0
155.0 341.0 516.0 522.0
208.0 304.0 463.0 559.0
245.0 251.0 426.0 612.0
187.0 341.0 548.0 522.0
240.0 304.0 495.0 559.0
277.0 251.0 458.0 612.0
219.0 341.0 580.0 522.0
272.0 304.0 527.0 559.0
309.0 251.0 490.0 612.0
251.0 341.0 612.0 522.0
304.0 304.0 559.0 559.0
341.0 251.0 522.0 612.0
283.0 341.0 644.0 522.0
336.0 304.0 591.0 559.0
373.0 251.0 554.0 612.0
315.0 341.0 676.0 522.0
368.0 304.0 623.0 559.0
405.0 251.0 586.0 612.0
347.0 341.0 708.0 522.0
400.0 304.0 655.0 559.0
437.0 251.0 618.0 612.0
379.0 341.0 740.0 522.0
432.0 304.0 687.0 559.0
469.0 251.0 650.0 612.0
411.0 341.0 772.0 522.0
464.0 304.0 719.0 559.0
501.0 251.0 682.0 612.0
443.0 341.0 804.0 522.0
496.0 304.0 751.0 559.0
533.0 251.0 714.0 612.0
475.0 341.0 836.0 522.0
528.0 304.0 783.0 559.0
565.0 251.0 746.0 612.0
507.0 341.0 868.0 522.0
560.0 304.0 815.0 559.0
597.0 251.0 778.0 612.0
539.0 341.0 900.0 522.0
592.0 304.0 847.0 559.0
629.0 251.0 810.0 612.0
571.0 341.0 932.0 522.0
624.0 304.0 879.0 559.0
661.0 251.0 842.0 612.0
603.0 341.0 964.0 522.0
656.0 304.0 911.0 559.0
693.0 251.0 874.0 612.0
635.0 341.0 996.0 522.0
688.0 304.0 943.0 559.0
725.0 251.0 906.0 612.0
667.0 341.0 1028.0 522.0
720.0 304.0 975.0 559.0
757.0 251.0 938.0 612.0
699.0 341.0 1060.0 522.0
752.0 304.0 1007.0 559.0
789.0 251.0 970.0 612.0
731.0 341.0 1092.0 522.0
784.0 304.0 1039.0 559.0
821.0 251.0 1002.0 612.0
763.0 341.0 1124.0 522.0
816.0 304.0 1071.0 559.0
853.0 251.0 1034.0 612.0
795.0 341.0 1156.0 522.0
848.0 304.0 1103.0 559.0
885.0 251.0 1066.0 612.0
827.0 341.0 1188.0 522.0
880.0 304.0 1135.0 559.0
917.0 251.0 1098.0 612.0
859.0 341.0 1220.0 522.0
912.0 304.0 1167.0 559.0
949.0 251.0 1130.0 612.0
891.0 341.0 1252.0 522.0
944.0 304.0 1199.0 559.0
981.0 251.0 1162.0 612.0
923.0 341.0 1284.0 522.0
976.0 304.0 1231.0 559.0
1013.0 251.0 1194.0 612.0
955.0 341.0 1316.0 522.0
1008.0 304.0 1263.0 559.0
1045.0 251.0 1226.0 612.0
987.0 341.0 1348.0 522.0
1040.0 304.0 1295.0 559.0
1077.0 251.0 1258.0 612.0
1019.0 341.0 1380.0 522.0
1072.0 304.0 1327.0 559.0
1109.0 251.0 1290.0 612.0
1051.0 341.0 1412.0 522.0
1104.0 304.0 1359.0 559.0
1141.0 251.0 1322.0 612.0
1083.0 341.0 1444.0 522.0
1136.0 304.0 1391.0 559.0
1173.0 251.0 1354.0 612.0
1115.0 341.0 1476.0 522.0
1168.0 304.0 1423.0 559.0
1205.0 251.0 1386.0 612.0
1147.0 341.0 1508.0 522.0
1200.0 304.0 1455.0 559.0
1237.0 251.0 1418.0 612.0
-165.0 373.0 196.0 554.0
-112.0 336.0 143.0 591.0
-75.0 283.0 106.0 644.0
-133.0 373.0 228.0 554.0
-80.0 336.0 175.0 591.0
-43.0 283.0 138.0 644.0
-101.0 373.0 260.0 554.0
-48.0 336.0 207.0 591.0
-11.0 283.0 170.0 644.0
-69.0 373.0 292.0 554.0
-16.0 336.0 239.0 591.0
21.0 283.0 202.0 644.0
-37.0 373.0 324.0 554.0
16.0 336.0 271.0 591.0
53.0 283.0 234.0 644.0
-5.0 373.0 356.0 554.0
48.0 336.0 303.0 591.0
85.0 283.0 266.0 644.0
27.0 373.0 388.0 554.0
80.0 336.0 335.0 591.0
117.0 283.0 298.0 644.0
59.0 373.0 420.0 554.0
112.0 336.0 367.0 591.0
149.0 283.0 330.0 644.0
91.0 373.0 452.0 554.0
144.0 336.0 399.0 591.0
181.0 283.0 362.0 644.0
123.0 373.0 484.0 554.0
176.0 336.0 431.0 591.0
213.0 283.0 394.0 644.0
155.0 373.0 516.0 554.0
208.0 336.0 463.0 591.0
245.0 283.0 426.0 644.0
187.0 373.0 548.0 554.0
240.0 336.0 495.0 591.0
277.0 283.0 458.0 644.0
219.0 373.0 580.0 554.0
272.0 336.0 527.0 591.0
309.0 283.0 490.0 644.0
251.0 373.0 612.0 554.0
304.0 336.0 559.0 591.0
341.0 283.0 522.0 644.0
283.0 373.0 644.0 554.0
336.0 336.0 591.0 591.0
373.0 283.0 554.0 644.0
315.0 373.0 676.0 554.0
368.0 336.0 623.0 591.0
405.0 283.0 586.0 644.0
347.0 373.0 708.0 554.0
400.0 336.0 655.0 591.0
437.0 283.0 618.0 644.0
379.0 373.0 740.0 554.0
432.0 336.0 687.0 591.0
469.0 283.0 650.0 644.0
411.0 373.0 772.0 554.0
464.0 336.0 719.0 591.0
501.0 283.0 682.0 644.0
443.0 373.0 804.0 554.0
496.0 336.0 751.0 591.0
533.0 283.0 714.0 644.0
475.0 373.0 836.0 554.0
528.0 336.0 783.0 591.0
565.0 283.0 746.0 644.0
507.0 373.0 868.0 554.0
560.0 336.0 815.0 591.0
597.0 283.0 778.0 644.0
539.0 373.0 900.0 554.0
592.0 336.0 847.0 591.0
629.0 283.0 810.0 644.0
571.0 373.0 932.0 554.0
624.0 336.0 879.0 591.0
661.0 283.0 842.0 644.0
603.0 373.0 964.0 554.0
656.0 336.0 911.0 591.0
693.0 283.0 874.0 644.0
635.0 373.0 996.0 554.0
688.0 336.0 943.0 591.0
725.0 283.0 906.0 644.0
667.0 373.0 1028.0 554.0
720.0 336.0 975.0 591.0
757.0 283.0 938.0 644.0
699.0 373.0 1060.0 554.0
752.0 336.0 1007.0 591.0
789.0 283.0 970.0 644.0
731.0 373.0 1092.0 554.0
784.0 336.0 1039.0 591.0
821.0 283.0 1002.0 644.0
763.0 373.0 1124.0 554.0
816.0 336.0 1071.0 591.0
853.0 283.0 1034.0 644.0
795.0 373.0 1156.0 554.0
848.0 336.0 1103.0 591.0
885.0 283.0 1066.0 644.0
827.0 373.0 1188.0 554.0
880.0 336.0 1135.0 591.0
917.0 283.0 1098.0 644.0
859.0 373.0 1220.0 554.0
912.0 336.0 1167.0 591.0
949.0 283.0 1130.0 644.0
891.0 373.0 1252.0 554.0
944.0 336.0 1199.0 591.0
981.0 283.0 1162.0 644.0
923.0 373.0 1284.0 554.0
976.0 336.0 1231.0 591.0
1013.0 283.0 1194.0 644.0
955.0 373.0 1316.0 554.0
1008.0 336.0 1263.0 591.0
1045.0 283.0 1226.0 644.0
987.0 373.0 1348.0 554.0
1040.0 336.0 1295.0 591.0
1077.0 283.0 1258.0 644.0
1019.0 373.0 1380.0 554.0
1072.0 336.0 1327.0 591.0
1109.0 283.0 1290.0 644.0
1051.0 373.0 1412.0 554.0
1104.0 336.0 1359.0 591.0
1141.0 283.0 1322.0 644.0
1083.0 373.0 1444.0 554.0
1136.0 336.0 1391.0 591.0
1173.0 283.0 1354.0 644.0
1115.0 373.0 1476.0 554.0
1168.0 336.0 1423.0 591.0
1205.0 283.0 1386.0 644.0
1147.0 373.0 1508.0 554.0
1200.0 336.0 1455.0 591.0
1237.0 283.0 1418.0 644.0
-165.0 405.0 196.0 586.0
-112.0 368.0 143.0 623.0
-75.0 315.0 106.0 676.0
-133.0 405.0 228.0 586.0
-80.0 368.0 175.0 623.0
-43.0 315.0 138.0 676.0
-101.0 405.0 260.0 586.0
-48.0 368.0 207.0 623.0
-11.0 315.0 170.0 676.0
-69.0 405.0 292.0 586.0
-16.0 368.0 239.0 623.0
21.0 315.0 202.0 676.0
-37.0 405.0 324.0 586.0
16.0 368.0 271.0 623.0
53.0 315.0 234.0 676.0
-5.0 405.0 356.0 586.0
48.0 368.0 303.0 623.0
85.0 315.0 266.0 676.0
27.0 405.0 388.0 586.0
80.0 368.0 335.0 623.0
117.0 315.0 298.0 676.0
59.0 405.0 420.0 586.0
112.0 368.0 367.0 623.0
149.0 315.0 330.0 676.0
91.0 405.0 452.0 586.0
144.0 368.0 399.0 623.0
181.0 315.0 362.0 676.0
123.0 405.0 484.0 586.0
176.0 368.0 431.0 623.0
213.0 315.0 394.0 676.0
155.0 405.0 516.0 586.0
208.0 368.0 463.0 623.0
245.0 315.0 426.0 676.0
187.0 405.0 548.0 586.0
240.0 368.0 495.0 623.0
277.0 315.0 458.0 676.0
219.0 405.0 580.0 586.0
272.0 368.0 527.0 623.0
309.0 315.0 490.0 676.0
251.0 405.0 612.0 586.0
304.0 368.0 559.0 623.0
341.0 315.0 522.0 676.0
283.0 405.0 644.0 586.0
336.0 368.0 591.0 623.0
373.0 315.0 554.0 676.0
315.0 405.0 676.0 586.0
368.0 368.0 623.0 623.0
405.0 315.0 586.0 676.0
347.0 405.0 708.0 586.0
400.0 368.0 655.0 623.0
437.0 315.0 618.0 676.0
379.0 405.0 740.0 586.0
432.0 368.0 687.0 623.0
469.0 315.0 650.0 676.0
411.0 405.0 772.0 586.0
464.0 368.0 719.0 623.0
501.0 315.0 682.0 676.0
443.0 405.0 804.0 586.0
496.0 368.0 751.0 623.0
533.0 315.0 714.0 676.0
475.0 405.0 836.0 586.0
528.0 368.0 783.0 623.0
565.0 315.0 746.0 676.0
507.0 405.0 868.0 586.0
560.0 368.0 815.0 623.0
597.0 315.0 778.0 676.0
539.0 405.0 900.0 586.0
592.0 368.0 847.0 623.0
629.0 315.0 810.0 676.0
571.0 405.0 932.0 586.0
624.0 368.0 879.0 623.0
661.0 315.0 842.0 676.0
603.0 405.0 964.0 586.0
656.0 368.0 911.0 623.0
693.0 315.0 874.0 676.0
635.0 405.0 996.0 586.0
688.0 368.0 943.0 623.0
725.0 315.0 906.0 676.0
667.0 405.0 1028.0 586.0
720.0 368.0 975.0 623.0
757.0 315.0 938.0 676.0
699.0 405.0 1060.0 586.0
752.0 368.0 1007.0 623.0
789.0 315.0 970.0 676.0
731.0 405.0 1092.0 586.0
784.0 368.0 1039.0 623.0
821.0 315.0 1002.0 676.0
763.0 405.0 1124.0 586.0
816.0 368.0 1071.0 623.0
853.0 315.0 1034.0 676.0
795.0 405.0 1156.0 586.0
848.0 368.0 1103.0 623.0
885.0 315.0 1066.0 676.0
827.0 405.0 1188.0 586.0
880.0 368.0 1135.0 623.0
917.0 315.0 1098.0 676.0
859.0 405.0 1220.0 586.0
912.0 368.0 1167.0 623.0
949.0 315.0 1130.0 676.0
891.0 405.0 1252.0 586.0
944.0 368.0 1199.0 623.0
981.0 315.0 1162.0 676.0
923.0 405.0 1284.0 586.0
976.0 368.0 1231.0 623.0
1013.0 315.0 1194.0 676.0
955.0 405.0 1316.0 586.0
1008.0 368.0 1263.0 623.0
1045.0 315.0 1226.0 676.0
987.0 405.0 1348.0 586.0
1040.0 368.0 1295.0 623.0
1077.0 315.0 1258.0 676.0
1019.0 405.0 1380.0 586.0
1072.0 368.0 1327.0 623.0
1109.0 315.0 1290.0 676.0
1051.0 405.0 1412.0 586.0
1104.0 368.0 1359.0 623.0
1141.0 315.0 1322.0 676.0
1083.0 405.0 1444.0 586.0
1136.0 368.0 1391.0 623.0
1173.0 315.0 1354.0 676.0
1115.0 405.0 1476.0 586.0
1168.0 368.0 1423.0 623.0
1205.0 315.0 1386.0 676.0
1147.0 405.0 1508.0 586.0
1200.0 368.0 1455.0 623.0
1237.0 315.0 1418.0 676.0
-165.0 437.0 196.0 618.0
-112.0 400.0 143.0 655.0
-75.0 347.0 106.0 708.0
-133.0 437.0 228.0 618.0
-80.0 400.0 175.0 655.0
-43.0 347.0 138.0 708.0
-101.0 437.0 260.0 618.0
-48.0 400.0 207.0 655.0
-11.0 347.0 170.0 708.0
-69.0 437.0 292.0 618.0
-16.0 400.0 239.0 655.0
21.0 347.0 202.0 708.0
-37.0 437.0 324.0 618.0
16.0 400.0 271.0 655.0
53.0 347.0 234.0 708.0
-5.0 437.0 356.0 618.0
48.0 400.0 303.0 655.0
85.0 347.0 266.0 708.0
27.0 437.0 388.0 618.0
80.0 400.0 335.0 655.0
117.0 347.0 298.0 708.0
59.0 437.0 420.0 618.0
112.0 400.0 367.0 655.0
149.0 347.0 330.0 708.0
91.0 437.0 452.0 618.0
144.0 400.0 399.0 655.0
181.0 347.0 362.0 708.0
123.0 437.0 484.0 618.0
176.0 400.0 431.0 655.0
213.0 347.0 394.0 708.0
155.0 437.0 516.0 618.0
208.0 400.0 463.0 655.0
245.0 347.0 426.0 708.0
187.0 437.0 548.0 618.0
240.0 400.0 495.0 655.0
277.0 347.0 458.0 708.0
219.0 437.0 580.0 618.0
272.0 400.0 527.0 655.0
309.0 347.0 490.0 708.0
251.0 437.0 612.0 618.0
304.0 400.0 559.0 655.0
341.0 347.0 522.0 708.0
283.0 437.0 644.0 618.0
336.0 400.0 591.0 655.0
373.0 347.0 554.0 708.0
315.0 437.0 676.0 618.0
368.0 400.0 623.0 655.0
405.0 347.0 586.0 708.0
347.0 437.0 708.0 618.0
400.0 400.0 655.0 655.0
437.0 347.0 618.0 708.0
379.0 437.0 740.0 618.0
432.0 400.0 687.0 655.0
469.0 347.0 650.0 708.0
411.0 437.0 772.0 618.0
464.0 400.0 719.0 655.0
501.0 347.0 682.0 708.0
443.0 437.0 804.0 618.0
496.0 400.0 751.0 655.0
533.0 347.0 714.0 708.0
475.0 437.0 836.0 618.0
528.0 400.0 783.0 655.0
565.0 347.0 746.0 708.0
507.0 437.0 868.0 618.0
560.0 400.0 815.0 655.0
597.0 347.0 778.0 708.0
539.0 437.0 900.0 618.0
592.0 400.0 847.0 655.0
629.0 347.0 810.0 708.0
571.0 437.0 932.0 618.0
624.0 400.0 879.0 655.0
661.0 347.0 842.0 708.0
603.0 437.0 964.0 618.0
656.0 400.0 911.0 655.0
693.0 347.0 874.0 708.0
635.0 437.0 996.0 618.0
688.0 400.0 943.0 655.0
725.0 347.0 906.0 708.0
667.0 437.0 1028.0 618.0
720.0 400.0 975.0 655.0
757.0 347.0 938.0 708.0
699.0 437.0 1060.0 618.0
752.0 400.0 1007.0 655.0
789.0 347.0 970.0 708.0
731.0 437.0 1092.0 618.0
784.0 400.0 1039.0 655.0
821.0 347.0 1002.0 708.0
763.0 437.0 1124.0 618.0
816.0 400.0 1071.0 655.0
853.0 347.0 1034.0 708.0
795.0 437.0 1156.0 618.0
848.0 400.0 1103.0 655.0
885.0 347.0 1066.0 708.0
827.0 437.0 1188.0 618.0
880.0 400.0 1135.0 655.0
917.0 347.0 1098.0 708.0
859.0 437.0 1220.0 618.0
912.0 400.0 1167.0 655.0
949.0 347.0 1130.0 708.0
891.0 437.0 1252.0 618.0
944.0 400.0 1199.0 655.0
981.0 347.0 1162.0 708.0
923.0 437.0 1284.0 618.0
976.0 400.0 1231.0 655.0
1013.0 347.0 1194.0 708.0
955.0 437.0 1316.0 618.0
1008.0 400.0 1263.0 655.0
1045.0 347.0 1226.0 708.0
987.0 437.0 1348.0 618.0
1040.0 400.0 1295.0 655.0
1077.0 347.0 1258.0 708.0
1019.0 437.0 1380.0 618.0
1072.0 400.0 1327.0 655.0
1109.0 347.0 1290.0 708.0
1051.0 437.0 1412.0 618.0
1104.0 400.0 1359.0 655.0
1141.0 347.0 1322.0 708.0
1083.0 437.0 1444.0 618.0
1136.0 400.0 1391.0 655.0
1173.0 347.0 1354.0 708.0
1115.0 437.0 1476.0 618.0
1168.0 400.0 1423.0 655.0
1205.0 347.0 1386.0 708.0
1147.0 437.0 1508.0 618.0
1200.0 400.0 1455.0 655.0
1237.0 347.0 1418.0 708.0
-165.0 469.0 196.0 650.0
-112.0 432.0 143.0 687.0
-75.0 379.0 106.0 740.0
-133.0 469.0 228.0 650.0
-80.0 432.0 175.0 687.0
-43.0 379.0 138.0 740.0
-101.0 469.0 260.0 650.0
-48.0 432.0 207.0 687.0
-11.0 379.0 170.0 740.0
-69.0 469.0 292.0 650.0
-16.0 432.0 239.0 687.0
21.0 379.0 202.0 740.0
-37.0 469.0 324.0 650.0
16.0 432.0 271.0 687.0
53.0 379.0 234.0 740.0
-5.0 469.0 356.0 650.0
48.0 432.0 303.0 687.0
85.0 379.0 266.0 740.0
27.0 469.0 388.0 650.0
80.0 432.0 335.0 687.0
117.0 379.0 298.0 740.0
59.0 469.0 420.0 650.0
112.0 432.0 367.0 687.0
149.0 379.0 330.0 740.0
91.0 469.0 452.0 650.0
144.0 432.0 399.0 687.0
181.0 379.0 362.0 740.0
123.0 469.0 484.0 650.0
176.0 432.0 431.0 687.0
213.0 379.0 394.0 740.0
155.0 469.0 516.0 650.0
208.0 432.0 463.0 687.0
245.0 379.0 426.0 740.0
187.0 469.0 548.0 650.0
240.0 432.0 495.0 687.0
277.0 379.0 458.0 740.0
219.0 469.0 580.0 650.0
272.0 432.0 527.0 687.0
309.0 379.0 490.0 740.0
251.0 469.0 612.0 650.0
304.0 432.0 559.0 687.0
341.0 379.0 522.0 740.0
283.0 469.0 644.0 650.0
336.0 432.0 591.0 687.0
373.0 379.0 554.0 740.0
315.0 469.0 676.0 650.0
368.0 432.0 623.0 687.0
405.0 379.0 586.0 740.0
347.0 469.0 708.0 650.0
400.0 432.0 655.0 687.0
437.0 379.0 618.0 740.0
379.0 469.0 740.0 650.0
432.0 432.0 687.0 687.0
469.0 379.0 650.0 740.0
411.0 469.0 772.0 650.0
464.0 432.0 719.0 687.0
501.0 379.0 682.0 740.0
443.0 469.0 804.0 650.0
496.0 432.0 751.0 687.0
533.0 379.0 714.0 740.0
475.0 469.0 836.0 650.0
528.0 432.0 783.0 687.0
565.0 379.0 746.0 740.0
507.0 469.0 868.0 650.0
560.0 432.0 815.0 687.0
597.0 379.0 778.0 740.0
539.0 469.0 900.0 650.0
592.0 432.0 847.0 687.0
629.0 379.0 810.0 740.0
571.0 469.0 932.0 650.0
624.0 432.0 879.0 687.0
661.0 379.0 842.0 740.0
603.0 469.0 964.0 650.0
656.0 432.0 911.0 687.0
693.0 379.0 874.0 740.0
635.0 469.0 996.0 650.0
688.0 432.0 943.0 687.0
725.0 379.0 906.0 740.0
667.0 469.0 1028.0 650.0
720.0 432.0 975.0 687.0
757.0 379.0 938.0 740.0
699.0 469.0 1060.0 650.0
752.0 432.0 1007.0 687.0
789.0 379.0 970.0 740.0
731.0 469.0 1092.0 650.0
784.0 432.0 1039.0 687.0
821.0 379.0 1002.0 740.0
763.0 469.0 1124.0 650.0
816.0 432.0 1071.0 687.0
853.0 379.0 1034.0 740.0
795.0 469.0 1156.0 650.0
848.0 432.0 1103.0 687.0
885.0 379.0 1066.0 740.0
827.0 469.0 1188.0 650.0
880.0 432.0 1135.0 687.0
917.0 379.0 1098.0 740.0
859.0 469.0 1220.0 650.0
912.0 432.0 1167.0 687.0
949.0 379.0 1130.0 740.0
891.0 469.0 1252.0 650.0
944.0 432.0 1199.0 687.0
981.0 379.0 1162.0 740.0
923.0 469.0 1284.0 650.0
976.0 432.0 1231.0 687.0
1013.0 379.0 1194.0 740.0
955.0 469.0 1316.0 650.0
1008.0 432.0 1263.0 687.0
1045.0 379.0 1226.0 740.0
987.0 469.0 1348.0 650.0
1040.0 432.0 1295.0 687.0
1077.0 379.0 1258.0 740.0
1019.0 469.0 1380.0 650.0
1072.0 432.0 1327.0 687.0
1109.0 379.0 1290.0 740.0
1051.0 469.0 1412.0 650.0
1104.0 432.0 1359.0 687.0
1141.0 379.0 1322.0 740.0
1083.0 469.0 1444.0 650.0
1136.0 432.0 1391.0 687.0
1173.0 379.0 1354.0 740.0
1115.0 469.0 1476.0 650.0
1168.0 432.0 1423.0 687.0
1205.0 379.0 1386.0 740.0
1147.0 469.0 1508.0 650.0
1200.0 432.0 1455.0 687.0
1237.0 379.0 1418.0 740.0
-165.0 501.0 196.0 682.0
-112.0 464.0 143.0 719.0
-75.0 411.0 106.0 772.0
-133.0 501.0 228.0 682.0
-80.0 464.0 175.0 719.0
-43.0 411.0 138.0 772.0
-101.0 501.0 260.0 682.0
-48.0 464.0 207.0 719.0
-11.0 411.0 170.0 772.0
-69.0 501.0 292.0 682.0
-16.0 464.0 239.0 719.0
21.0 411.0 202.0 772.0
-37.0 501.0 324.0 682.0
16.0 464.0 271.0 719.0
53.0 411.0 234.0 772.0
-5.0 501.0 356.0 682.0
48.0 464.0 303.0 719.0
85.0 411.0 266.0 772.0
27.0 501.0 388.0 682.0
80.0 464.0 335.0 719.0
117.0 411.0 298.0 772.0
59.0 501.0 420.0 682.0
112.0 464.0 367.0 719.0
149.0 411.0 330.0 772.0
91.0 501.0 452.0 682.0
144.0 464.0 399.0 719.0
181.0 411.0 362.0 772.0
123.0 501.0 484.0 682.0
176.0 464.0 431.0 719.0
213.0 411.0 394.0 772.0
155.0 501.0 516.0 682.0
208.0 464.0 463.0 719.0
245.0 411.0 426.0 772.0
187.0 501.0 548.0 682.0
240.0 464.0 495.0 719.0
277.0 411.0 458.0 772.0
219.0 501.0 580.0 682.0
272.0 464.0 527.0 719.0
309.0 411.0 490.0 772.0
251.0 501.0 612.0 682.0
304.0 464.0 559.0 719.0
341.0 411.0 522.0 772.0
283.0 501.0 644.0 682.0
336.0 464.0 591.0 719.0
373.0 411.0 554.0 772.0
315.0 501.0 676.0 682.0
368.0 464.0 623.0 719.0
405.0 411.0 586.0 772.0
347.0 501.0 708.0 682.0
400.0 464.0 655.0 719.0
437.0 411.0 618.0 772.0
379.0 501.0 740.0 682.0
432.0 464.0 687.0 719.0
469.0 411.0 650.0 772.0
411.0 501.0 772.0 682.0
464.0 464.0 719.0 719.0
501.0 411.0 682.0 772.0
443.0 501.0 804.0 682.0
496.0 464.0 751.0 719.0
533.0 411.0 714.0 772.0
475.0 501.0 836.0 682.0
528.0 464.0 783.0 719.0
565.0 411.0 746.0 772.0
507.0 501.0 868.0 682.0
560.0 464.0 815.0 719.0
597.0 411.0 778.0 772.0
539.0 501.0 900.0 682.0
592.0 464.0 847.0 719.0
629.0 411.0 810.0 772.0
571.0 501.0 932.0 682.0
624.0 464.0 879.0 719.0
661.0 411.0 842.0 772.0
603.0 501.0 964.0 682.0
656.0 464.0 911.0 719.0
693.0 411.0 874.0 772.0
635.0 501.0 996.0 682.0
688.0 464.0 943.0 719.0
725.0 411.0 906.0 772.0
667.0 501.0 1028.0 682.0
720.0 464.0 975.0 719.0
757.0 411.0 938.0 772.0
699.0 501.0 1060.0 682.0
752.0 464.0 1007.0 719.0
789.0 411.0 970.0 772.0
731.0 501.0 1092.0 682.0
784.0 464.0 1039.0 719.0
821.0 411.0 1002.0 772.0
763.0 501.0 1124.0 682.0
816.0 464.0 1071.0 719.0
853.0 411.0 1034.0 772.0
795.0 501.0 1156.0 682.0
848.0 464.0 1103.0 719.0
885.0 411.0 1066.0 772.0
827.0 501.0 1188.0 682.0
880.0 464.0 1135.0 719.0
917.0 411.0 1098.0 772.0
859.0 501.0 1220.0 682.0
912.0 464.0 1167.0 719.0
949.0 411.0 1130.0 772.0
891.0 501.0 1252.0 682.0
944.0 464.0 1199.0 719.0
981.0 411.0 1162.0 772.0
923.0 501.0 1284.0 682.0
976.0 464.0 1231.0 719.0
1013.0 411.0 1194.0 772.0
955.0 501.0 1316.0 682.0
1008.0 464.0 1263.0 719.0
1045.0 411.0 1226.0 772.0
987.0 501.0 1348.0 682.0
1040.0 464.0 1295.0 719.0
1077.0 411.0 1258.0 772.0
1019.0 501.0 1380.0 682.0
1072.0 464.0 1327.0 719.0
1109.0 411.0 1290.0 772.0
1051.0 501.0 1412.0 682.0
1104.0 464.0 1359.0 719.0
1141.0 411.0 1322.0 772.0
1083.0 501.0 1444.0 682.0
1136.0 464.0 1391.0 719.0
1173.0 411.0 1354.0 772.0
1115.0 501.0 1476.0 682.0
1168.0 464.0 1423.0 719.0
1205.0 411.0 1386.0 772.0
1147.0 501.0 1508.0 682.0
1200.0 464.0 1455.0 719.0
1237.0 411.0 1418.0 772.0
-165.0 533.0 196.0 714.0
-112.0 496.0 143.0 751.0
-75.0 443.0 106.0 804.0
-133.0 533.0 228.0 714.0
-80.0 496.0 175.0 751.0
-43.0 443.0 138.0 804.0
-101.0 533.0 260.0 714.0
-48.0 496.0 207.0 751.0
-11.0 443.0 170.0 804.0
-69.0 533.0 292.0 714.0
-16.0 496.0 239.0 751.0
21.0 443.0 202.0 804.0
-37.0 533.0 324.0 714.0
16.0 496.0 271.0 751.0
53.0 443.0 234.0 804.0
-5.0 533.0 356.0 714.0
48.0 496.0 303.0 751.0
85.0 443.0 266.0 804.0
27.0 533.0 388.0 714.0
80.0 496.0 335.0 751.0
117.0 443.0 298.0 804.0
59.0 533.0 420.0 714.0
112.0 496.0 367.0 751.0
149.0 443.0 330.0 804.0
91.0 533.0 452.0 714.0
144.0 496.0 399.0 751.0
181.0 443.0 362.0 804.0
123.0 533.0 484.0 714.0
176.0 496.0 431.0 751.0
213.0 443.0 394.0 804.0
155.0 533.0 516.0 714.0
208.0 496.0 463.0 751.0
245.0 443.0 426.0 804.0
187.0 533.0 548.0 714.0
240.0 496.0 495.0 751.0
277.0 443.0 458.0 804.0
219.0 533.0 580.0 714.0
272.0 496.0 527.0 751.0
309.0 443.0 490.0 804.0
251.0 533.0 612.0 714.0
304.0 496.0 559.0 751.0
341.0 443.0 522.0 804.0
283.0 533.0 644.0 714.0
336.0 496.0 591.0 751.0
373.0 443.0 554.0 804.0
315.0 533.0 676.0 714.0
368.0 496.0 623.0 751.0
405.0 443.0 586.0 804.0
347.0 533.0 708.0 714.0
400.0 496.0 655.0 751.0
437.0 443.0 618.0 804.0
379.0 533.0 740.0 714.0
432.0 496.0 687.0 751.0
469.0 443.0 650.0 804.0
411.0 533.0 772.0 714.0
464.0 496.0 719.0 751.0
501.0 443.0 682.0 804.0
443.0 533.0 804.0 714.0
496.0 496.0 751.0 751.0
533.0 443.0 714.0 804.0
475.0 533.0 836.0 714.0
528.0 496.0 783.0 751.0
565.0 443.0 746.0 804.0
507.0 533.0 868.0 714.0
560.0 496.0 815.0 751.0
597.0 443.0 778.0 804.0
539.0 533.0 900.0 714.0
592.0 496.0 847.0 751.0
629.0 443.0 810.0 804.0
571.0 533.0 932.0 714.0
624.0 496.0 879.0 751.0
661.0 443.0 842.0 804.0
603.0 533.0 964.0 714.0
656.0 496.0 911.0 751.0
693.0 443.0 874.0 804.0
635.0 533.0 996.0 714.0
688.0 496.0 943.0 751.0
725.0 443.0 906.0 804.0
667.0 533.0 1028.0 714.0
720.0 496.0 975.0 751.0
757.0 443.0 938.0 804.0
699.0 533.0 1060.0 714.0
752.0 496.0 1007.0 751.0
789.0 443.0 970.0 804.0
731.0 533.0 1092.0 714.0
784.0 496.0 1039.0 751.0
821.0 443.0 1002.0 804.0
763.0 533.0 1124.0 714.0
816.0 496.0 1071.0 751.0
853.0 443.0 1034.0 804.0
795.0 533.0 1156.0 714.0
848.0 496.0 1103.0 751.0
885.0 443.0 1066.0 804.0
827.0 533.0 1188.0 714.0
880.0 496.0 1135.0 751.0
917.0 443.0 1098.0 804.0
859.0 533.0 1220.0 714.0
912.0 496.0 1167.0 751.0
949.0 443.0 1130.0 804.0
891.0 533.0 1252.0 714.0
944.0 496.0 1199.0 751.0
981.0 443.0 1162.0 804.0
923.0 533.0 1284.0 714.0
976.0 496.0 1231.0 751.0
1013.0 443.0 1194.0 804.0
955.0 533.0 1316.0 714.0
1008.0 496.0 1263.0 751.0
1045.0 443.0 1226.0 804.0
987.0 533.0 1348.0 714.0
1040.0 496.0 1295.0 751.0
1077.0 443.0 1258.0 804.0
1019.0 533.0 1380.0 714.0
1072.0 496.0 1327.0 751.0
1109.0 443.0 1290.0 804.0
1051.0 533.0 1412.0 714.0
1104.0 496.0 1359.0 751.0
1141.0 443.0 1322.0 804.0
1083.0 533.0 1444.0 714.0
1136.0 496.0 1391.0 751.0
1173.0 443.0 1354.0 804.0
1115.0 533.0 1476.0 714.0
1168.0 496.0 1423.0 751.0
1205.0 443.0 1386.0 804.0
1147.0 533.0 1508.0 714.0
1200.0 496.0 1455.0 751.0
1237.0 443.0 1418.0 804.0
-165.0 565.0 196.0 746.0
-112.0 528.0 143.0 783.0
-75.0 475.0 106.0 836.0
-133.0 565.0 228.0 746.0
-80.0 528.0 175.0 783.0
-43.0 475.0 138.0 836.0
-101.0 565.0 260.0 746.0
-48.0 528.0 207.0 783.0
-11.0 475.0 170.0 836.0
-69.0 565.0 292.0 746.0
-16.0 528.0 239.0 783.0
21.0 475.0 202.0 836.0
-37.0 565.0 324.0 746.0
16.0 528.0 271.0 783.0
53.0 475.0 234.0 836.0
-5.0 565.0 356.0 746.0
48.0 528.0 303.0 783.0
85.0 475.0 266.0 836.0
27.0 565.0 388.0 746.0
80.0 528.0 335.0 783.0
117.0 475.0 298.0 836.0
59.0 565.0 420.0 746.0
112.0 528.0 367.0 783.0
149.0 475.0 330.0 836.0
91.0 565.0 452.0 746.0
144.0 528.0 399.0 783.0
181.0 475.0 362.0 836.0
123.0 565.0 484.0 746.0
176.0 528.0 431.0 783.0
213.0 475.0 394.0 836.0
155.0 565.0 516.0 746.0
208.0 528.0 463.0 783.0
245.0 475.0 426.0 836.0
187.0 565.0 548.0 746.0
240.0 528.0 495.0 783.0
277.0 475.0 458.0 836.0
219.0 565.0 580.0 746.0
272.0 528.0 527.0 783.0
309.0 475.0 490.0 836.0
251.0 565.0 612.0 746.0
304.0 528.0 559.0 783.0
341.0 475.0 522.0 836.0
283.0 565.0 644.0 746.0
336.0 528.0 591.0 783.0
373.0 475.0 554.0 836.0
315.0 565.0 676.0 746.0
368.0 528.0 623.0 783.0
405.0 475.0 586.0 836.0
347.0 565.0 708.0 746.0
400.0 528.0 655.0 783.0
437.0 475.0 618.0 836.0
379.0 565.0 740.0 746.0
432.0 528.0 687.0 783.0
469.0 475.0 650.0 836.0
411.0 565.0 772.0 746.0
464.0 528.0 719.0 783.0
501.0 475.0 682.0 836.0
443.0 565.0 804.0 746.0
496.0 528.0 751.0 783.0
533.0 475.0 714.0 836.0
475.0 565.0 836.0 746.0
528.0 528.0 783.0 783.0
565.0 475.0 746.0 836.0
507.0 565.0 868.0 746.0
560.0 528.0 815.0 783.0
597.0 475.0 778.0 836.0
539.0 565.0 900.0 746.0
592.0 528.0 847.0 783.0
629.0 475.0 810.0 836.0
571.0 565.0 932.0 746.0
624.0 528.0 879.0 783.0
661.0 475.0 842.0 836.0
603.0 565.0 964.0 746.0
656.0 528.0 911.0 783.0
693.0 475.0 874.0 836.0
635.0 565.0 996.0 746.0
688.0 528.0 943.0 783.0
725.0 475.0 906.0 836.0
667.0 565.0 1028.0 746.0
720.0 528.0 975.0 783.0
757.0 475.0 938.0 836.0
699.0 565.0 1060.0 746.0
752.0 528.0 1007.0 783.0
789.0 475.0 970.0 836.0
731.0 565.0 1092.0 746.0
784.0 528.0 1039.0 783.0
821.0 475.0 1002.0 836.0
763.0 565.0 1124.0 746.0
816.0 528.0 1071.0 783.0
853.0 475.0 1034.0 836.0
795.0 565.0 1156.0 746.0
848.0 528.0 1103.0 783.0
885.0 475.0 1066.0 836.0
827.0 565.0 1188.0 746.0
880.0 528.0 1135.0 783.0
917.0 475.0 1098.0 836.0
859.0 565.0 1220.0 746.0
912.0 528.0 1167.0 783.0
949.0 475.0 1130.0 836.0
891.0 565.0 1252.0 746.0
944.0 528.0 1199.0 783.0
981.0 475.0 1162.0 836.0
923.0 565.0 1284.0 746.0
976.0 528.0 1231.0 783.0
1013.0 475.0 1194.0 836.0
955.0 565.0 1316.0 746.0
1008.0 528.0 1263.0 783.0
1045.0 475.0 1226.0 836.0
987.0 565.0 1348.0 746.0
1040.0 528.0 1295.0 783.0
1077.0 475.0 1258.0 836.0
1019.0 565.0 1380.0 746.0
1072.0 528.0 1327.0 783.0
1109.0 475.0 1290.0 836.0
1051.0 565.0 1412.0 746.0
1104.0 528.0 1359.0 783.0
1141.0 475.0 1322.0 836.0
1083.0 565.0 1444.0 746.0
1136.0 528.0 1391.0 783.0
1173.0 475.0 1354.0 836.0
1115.0 565.0 1476.0 746.0
1168.0 528.0 1423.0 783.0
1205.0 475.0 1386.0 836.0
1147.0 565.0 1508.0 746.0
1200.0 528.0 1455.0 783.0
1237.0 475.0 1418.0 836.0
-165.0 597.0 196.0 778.0
-112.0 560.0 143.0 815.0
-75.0 507.0 106.0 868.0
-133.0 597.0 228.0 778.0
-80.0 560.0 175.0 815.0
-43.0 507.0 138.0 868.0
-101.0 597.0 260.0 778.0
-48.0 560.0 207.0 815.0
-11.0 507.0 170.0 868.0
-69.0 597.0 292.0 778.0
-16.0 560.0 239.0 815.0
21.0 507.0 202.0 868.0
-37.0 597.0 324.0 778.0
16.0 560.0 271.0 815.0
53.0 507.0 234.0 868.0
-5.0 597.0 356.0 778.0
48.0 560.0 303.0 815.0
85.0 507.0 266.0 868.0
27.0 597.0 388.0 778.0
80.0 560.0 335.0 815.0
117.0 507.0 298.0 868.0
59.0 597.0 420.0 778.0
112.0 560.0 367.0 815.0
149.0 507.0 330.0 868.0
91.0 597.0 452.0 778.0
144.0 560.0 399.0 815.0
181.0 507.0 362.0 868.0
123.0 597.0 484.0 778.0
176.0 560.0 431.0 815.0
213.0 507.0 394.0 868.0
155.0 597.0 516.0 778.0
208.0 560.0 463.0 815.0
245.0 507.0 426.0 868.0
187.0 597.0 548.0 778.0
240.0 560.0 495.0 815.0
277.0 507.0 458.0 868.0
219.0 597.0 580.0 778.0
272.0 560.0 527.0 815.0
309.0 507.0 490.0 868.0
251.0 597.0 612.0 778.0
304.0 560.0 559.0 815.0
341.0 507.0 522.0 868.0
283.0 597.0 644.0 778.0
336.0 560.0 591.0 815.0
373.0 507.0 554.0 868.0
315.0 597.0 676.0 778.0
368.0 560.0 623.0 815.0
405.0 507.0 586.0 868.0
347.0 597.0 708.0 778.0
400.0 560.0 655.0 815.0
437.0 507.0 618.0 868.0
379.0 597.0 740.0 778.0
432.0 560.0 687.0 815.0
469.0 507.0 650.0 868.0
411.0 597.0 772.0 778.0
464.0 560.0 719.0 815.0
501.0 507.0 682.0 868.0
443.0 597.0 804.0 778.0
496.0 560.0 751.0 815.0
533.0 507.0 714.0 868.0
475.0 597.0 836.0 778.0
528.0 560.0 783.0 815.0
565.0 507.0 746.0 868.0
507.0 597.0 868.0 778.0
560.0 560.0 815.0 815.0
597.0 507.0 778.0 868.0
539.0 597.0 900.0 778.0
592.0 560.0 847.0 815.0
629.0 507.0 810.0 868.0
571.0 597.0 932.0 778.0
624.0 560.0 879.0 815.0
661.0 507.0 842.0 868.0
603.0 597.0 964.0 778.0
656.0 560.0 911.0 815.0
693.0 507.0 874.0 868.0
635.0 597.0 996.0 778.0
688.0 560.0 943.0 815.0
725.0 507.0 906.0 868.0
667.0 597.0 1028.0 778.0
720.0 560.0 975.0 815.0
757.0 507.0 938.0 868.0
699.0 597.0 1060.0 778.0
752.0 560.0 1007.0 815.0
789.0 507.0 970.0 868.0
731.0 597.0 1092.0 778.0
784.0 560.0 1039.0 815.0
821.0 507.0 1002.0 868.0
763.0 597.0 1124.0 778.0
816.0 560.0 1071.0 815.0
853.0 507.0 1034.0 868.0
795.0 597.0 1156.0 778.0
848.0 560.0 1103.0 815.0
885.0 507.0 1066.0 868.0
827.0 597.0 1188.0 778.0
880.0 560.0 1135.0 815.0
917.0 507.0 1098.0 868.0
859.0 597.0 1220.0 778.0
912.0 560.0 1167.0 815.0
949.0 507.0 1130.0 868.0
891.0 597.0 1252.0 778.0
944.0 560.0 1199.0 815.0
981.0 507.0 1162.0 868.0
923.0 597.0 1284.0 778.0
976.0 560.0 1231.0 815.0
1013.0 507.0 1194.0 868.0
955.0 597.0 1316.0 778.0
1008.0 560.0 1263.0 815.0
1045.0 507.0 1226.0 868.0
987.0 597.0 1348.0 778.0
1040.0 560.0 1295.0 815.0
1077.0 507.0 1258.0 868.0
1019.0 597.0 1380.0 778.0
1072.0 560.0 1327.0 815.0
1109.0 507.0 1290.0 868.0
1051.0 597.0 1412.0 778.0
1104.0 560.0 1359.0 815.0
1141.0 507.0 1322.0 868.0
1083.0 597.0 1444.0 778.0
1136.0 560.0 1391.0 815.0
1173.0 507.0 1354.0 868.0
1115.0 597.0 1476.0 778.0
1168.0 560.0 1423.0 815.0
1205.0 507.0 1386.0 868.0
1147.0 597.0 1508.0 778.0
1200.0 560.0 1455.0 815.0
1237.0 507.0 1418.0 868.0
-165.0 629.0 196.0 810.0
-112.0 592.0 143.0 847.0
-75.0 539.0 106.0 900.0
-133.0 629.0 228.0 810.0
-80.0 592.0 175.0 847.0
-43.0 539.0 138.0 900.0
-101.0 629.0 260.0 810.0
-48.0 592.0 207.0 847.0
-11.0 539.0 170.0 900.0
-69.0 629.0 292.0 810.0
-16.0 592.0 239.0 847.0
21.0 539.0 202.0 900.0
-37.0 629.0 324.0 810.0
16.0 592.0 271.0 847.0
53.0 539.0 234.0 900.0
-5.0 629.0 356.0 810.0
48.0 592.0 303.0 847.0
85.0 539.0 266.0 900.0
27.0 629.0 388.0 810.0
80.0 592.0 335.0 847.0
117.0 539.0 298.0 900.0
59.0 629.0 420.0 810.0
112.0 592.0 367.0 847.0
149.0 539.0 330.0 900.0
91.0 629.0 452.0 810.0
144.0 592.0 399.0 847.0
181.0 539.0 362.0 900.0
123.0 629.0 484.0 810.0
176.0 592.0 431.0 847.0
213.0 539.0 394.0 900.0
155.0 629.0 516.0 810.0
208.0 592.0 463.0 847.0
245.0 539.0 426.0 900.0
187.0 629.0 548.0 810.0
240.0 592.0 495.0 847.0
277.0 539.0 458.0 900.0
219.0 629.0 580.0 810.0
272.0 592.0 527.0 847.0
309.0 539.0 490.0 900.0
251.0 629.0 612.0 810.0
304.0 592.0 559.0 847.0
341.0 539.0 522.0 900.0
283.0 629.0 644.0 810.0
336.0 592.0 591.0 847.0
373.0 539.0 554.0 900.0
315.0 629.0 676.0 810.0
368.0 592.0 623.0 847.0
405.0 539.0 586.0 900.0
347.0 629.0 708.0 810.0
400.0 592.0 655.0 847.0
437.0 539.0 618.0 900.0
379.0 629.0 740.0 810.0
432.0 592.0 687.0 847.0
469.0 539.0 650.0 900.0
411.0 629.0 772.0 810.0
464.0 592.0 719.0 847.0
501.0 539.0 682.0 900.0
443.0 629.0 804.0 810.0
496.0 592.0 751.0 847.0
533.0 539.0 714.0 900.0
475.0 629.0 836.0 810.0
528.0 592.0 783.0 847.0
565.0 539.0 746.0 900.0
507.0 629.0 868.0 810.0
560.0 592.0 815.0 847.0
597.0 539.0 778.0 900.0
539.0 629.0 900.0 810.0
592.0 592.0 847.0 847.0
629.0 539.0 810.0 900.0
571.0 629.0 932.0 810.0
624.0 592.0 879.0 847.0
661.0 539.0 842.0 900.0
603.0 629.0 964.0 810.0
656.0 592.0 911.0 847.0
693.0 539.0 874.0 900.0
635.0 629.0 996.0 810.0
688.0 592.0 943.0 847.0
725.0 539.0 906.0 900.0
667.0 629.0 1028.0 810.0
720.0 592.0 975.0 847.0
757.0 539.0 938.0 900.0
699.0 629.0 1060.0 810.0
752.0 592.0 1007.0 847.0
789.0 539.0 970.0 900.0
731.0 629.0 1092.0 810.0
784.0 592.0 1039.0 847.0
821.0 539.0 1002.0 900.0
763.0 629.0 1124.0 810.0
816.0 592.0 1071.0 847.0
853.0 539.0 1034.0 900.0
795.0 629.0 1156.0 810.0
848.0 592.0 1103.0 847.0
885.0 539.0 1066.0 900.0
827.0 629.0 1188.0 810.0
880.0 592.0 1135.0 847.0
917.0 539.0 1098.0 900.0
859.0 629.0 1220.0 810.0
912.0 592.0 1167.0 847.0
949.0 539.0 1130.0 900.0
891.0 629.0 1252.0 810.0
944.0 592.0 1199.0 847.0
981.0 539.0 1162.0 900.0
923.0 629.0 1284.0 810.0
976.0 592.0 1231.0 847.0
1013.0 539.0 1194.0 900.0
955.0 629.0 1316.0 810.0
1008.0 592.0 1263.0 847.0
1045.0 539.0 1226.0 900.0
987.0 629.0 1348.0 810.0
1040.0 592.0 1295.0 847.0
1077.0 539.0 1258.0 900.0
1019.0 629.0 1380.0 810.0
1072.0 592.0 1327.0 847.0
1109.0 539.0 1290.0 900.0
1051.0 629.0 1412.0 810.0
1104.0 592.0 1359.0 847.0
1141.0 539.0 1322.0 900.0
1083.0 629.0 1444.0 810.0
1136.0 592.0 1391.0 847.0
1173.0 539.0 1354.0 900.0
1115.0 629.0 1476.0 810.0
1168.0 592.0 1423.0 847.0
1205.0 539.0 1386.0 900.0
1147.0 629.0 1508.0 810.0
1200.0 592.0 1455.0 847.0
1237.0 539.0 1418.0 900.0
-165.0 661.0 196.0 842.0
-112.0 624.0 143.0 879.0
-75.0 571.0 106.0 932.0
-133.0 661.0 228.0 842.0
-80.0 624.0 175.0 879.0
-43.0 571.0 138.0 932.0
-101.0 661.0 260.0 842.0
-48.0 624.0 207.0 879.0
-11.0 571.0 170.0 932.0
-69.0 661.0 292.0 842.0
-16.0 624.0 239.0 879.0
21.0 571.0 202.0 932.0
-37.0 661.0 324.0 842.0
16.0 624.0 271.0 879.0
53.0 571.0 234.0 932.0
-5.0 661.0 356.0 842.0
48.0 624.0 303.0 879.0
85.0 571.0 266.0 932.0
27.0 661.0 388.0 842.0
80.0 624.0 335.0 879.0
117.0 571.0 298.0 932.0
59.0 661.0 420.0 842.0
112.0 624.0 367.0 879.0
149.0 571.0 330.0 932.0
91.0 661.0 452.0 842.0
144.0 624.0 399.0 879.0
181.0 571.0 362.0 932.0
123.0 661.0 484.0 842.0
176.0 624.0 431.0 879.0
213.0 571.0 394.0 932.0
155.0 661.0 516.0 842.0
208.0 624.0 463.0 879.0
245.0 571.0 426.0 932.0
187.0 661.0 548.0 842.0
240.0 624.0 495.0 879.0
277.0 571.0 458.0 932.0
219.0 661.0 580.0 842.0
272.0 624.0 527.0 879.0
309.0 571.0 490.0 932.0
251.0 661.0 612.0 842.0
304.0 624.0 559.0 879.0
341.0 571.0 522.0 932.0
283.0 661.0 644.0 842.0
336.0 624.0 591.0 879.0
373.0 571.0 554.0 932.0
315.0 661.0 676.0 842.0
368.0 624.0 623.0 879.0
405.0 571.0 586.0 932.0
347.0 661.0 708.0 842.0
400.0 624.0 655.0 879.0
437.0 571.0 618.0 932.0
379.0 661.0 740.0 842.0
432.0 624.0 687.0 879.0
469.0 571.0 650.0 932.0
411.0 661.0 772.0 842.0
464.0 624.0 719.0 879.0
501.0 571.0 682.0 932.0
443.0 661.0 804.0 842.0
496.0 624.0 751.0 879.0
533.0 571.0 714.0 932.0
475.0 661.0 836.0 842.0
528.0 624.0 783.0 879.0
565.0 571.0 746.0 932.0
507.0 661.0 868.0 842.0
560.0 624.0 815.0 879.0
597.0 571.0 778.0 932.0
539.0 661.0 900.0 842.0
592.0 624.0 847.0 879.0
629.0 571.0 810.0 932.0
571.0 661.0 932.0 842.0
624.0 624.0 879.0 879.0
661.0 571.0 842.0 932.0
603.0 661.0 964.0 842.0
656.0 624.0 911.0 879.0
693.0 571.0 874.0 932.0
635.0 661.0 996.0 842.0
688.0 624.0 943.0 879.0
725.0 571.0 906.0 932.0
667.0 661.0 1028.0 842.0
720.0 624.0 975.0 879.0
757.0 571.0 938.0 932.0
699.0 661.0 1060.0 842.0
752.0 624.0 1007.0 879.0
789.0 571.0 970.0 932.0
731.0 661.0 1092.0 842.0
784.0 624.0 1039.0 879.0
821.0 571.0 1002.0 932.0
763.0 661.0 1124.0 842.0
816.0 624.0 1071.0 879.0
853.0 571.0 1034.0 932.0
795.0 661.0 1156.0 842.0
848.0 624.0 1103.0 879.0
885.0 571.0 1066.0 932.0
827.0 661.0 1188.0 842.0
880.0 624.0 1135.0 879.0
917.0 571.0 1098.0 932.0
859.0 661.0 1220.0 842.0
912.0 624.0 1167.0 879.0
949.0 571.0 1130.0 932.0
891.0 661.0 1252.0 842.0
944.0 624.0 1199.0 879.0
981.0 571.0 1162.0 932.0
923.0 661.0 1284.0 842.0
976.0 624.0 1231.0 879.0
1013.0 571.0 1194.0 932.0
955.0 661.0 1316.0 842.0
1008.0 624.0 1263.0 879.0
1045.0 571.0 1226.0 932.0
987.0 661.0 1348.0 842.0
1040.0 624.0 1295.0 879.0
1077.0 571.0 1258.0 932.0
1019.0 661.0 1380.0 842.0
1072.0 624.0 1327.0 879.0
1109.0 571.0 1290.0 932.0
1051.0 661.0 1412.0 842.0
1104.0 624.0 1359.0 879.0
1141.0 571.0 1322.0 932.0
1083.0 661.0 1444.0 842.0
1136.0 624.0 1391.0 879.0
1173.0 571.0 1354.0 932.0
1115.0 661.0 1476.0 842.0
1168.0 624.0 1423.0 879.0
1205.0 571.0 1386.0 932.0
1147.0 661.0 1508.0 842.0
1200.0 624.0 1455.0 879.0
1237.0 571.0 1418.0 932.0
