0.21930382
0.43456268
-1.04933715
-1.48961926
-1.81171608
-1.56114197
-1.43201101
-1.89684558
-2.17239785
-1.85689807
-1.28237414
-1.41530812
-1.71693182
-1.99863601
-2.16227770
-2.08458614
-1.86790371
-1.93184733
-1.81643879
-1.90995443
-2.16188240
-2.37471080
-2.59166360
-2.82068682
-2.46994400
-2.12418890
-1.62611425
-1.94001973
-2.11255074
-2.39344525
-2.27837539
-2.57283235
-2.48553777
-2.36037111
-1.81409216
-1.09279406
0.04087339
-0.19923136
-0.33233714
-1.02021396
-3.67253065
-3.95142555
-3.59692073
-2.64556170
-1.77381349
-2.91160417
-3.05268502
-2.96965241
-2.52239251
-2.93916655
-3.28807998
-3.47449708
-3.70914197
-3.70406747
-3.79024792
-4.10081339
-3.99681902
-4.01512432
-4.08462381
-3.85396004
-3.94710588
-4.09287310
-3.84329891
-3.69032359
-2.83130980
-3.32048845
-3.22718668
-3.29468584
-2.92691374
-3.40313673
-3.88139367
-4.18265486
-4.09510231
-3.45733976
-1.80116534
-1.11686039
0.28677988
-0.57347375
-3.11531734
-3.46047091
-2.74382114
-1.95172679
-1.55459869
-2.65441322
-2.66220975
-2.92751217
-2.63531733
-3.01259089
-3.23662639
-3.41636372
-3.57073259
-3.65413904
-4.08103466
-4.17985439
-4.13994741
-4.18260860
-4.52170134
-4.08751535
-4.27178288
-4.76394224
-4.61126423
-4.50453329
-3.51345944
-3.91140699
-3.63366532
-3.65554380
-3.06746531
-3.55983639
-3.82257867
-3.98042727
-3.69511366
-3.13498139
-1.69772828
-0.97329396
0.20492846
-0.65288776
-3.37624860
-3.64803791
-2.91163468
-1.94926488
-1.64866102
-2.50020742
-2.56291056
-2.97999334
-3.03410983
-3.53762841
-3.95744896
-4.16516399
-3.97096682
-4.03406525
-4.42309332
-4.50727510
-4.90573645
-5.51570940
-6.14126539
-5.70774937
-5.85026836
-6.28326654
-5.87991095
-5.49400139
-4.43918180
-4.61640453
-4.51516390
-4.72056580
-4.30448437
-4.73156118
-5.01763296
-4.59722853
-4.21084690
-3.56258392
-1.85538113
-0.61768389
0.51311785
-1.02986932
-4.04618883
-4.20709896
-3.46041894
-2.68857694
-2.46189189
-2.68247461
-2.80565596
-3.00220251
-3.18869781
-3.41421604
-3.51774836
-3.75823188
-3.39059138
-3.36503696
-3.56345201
-3.47154593
-3.59464192
-4.20408726
-4.95107603
-4.81510353
-4.80513859
-5.10752010
-4.85546255
-4.62636900
-3.89369059
-3.93521047
-3.83653808
-3.74284744
-3.26796460
-3.67624998
-4.15255404
-3.95438123
-3.48912716
-2.78364587
-1.44166088
0.18742388
1.34634197
-0.11191753
-1.66805291
-1.63529932
-0.56661493
-0.66171390
-0.47314364
-0.79004037
-0.87527841
-1.04868972
-1.64519989
-1.92115736
-2.24792504
-2.12356782
-1.96072090
-2.27057433
-2.49326134
-2.65090823
-2.98817468
-3.37691379
-3.50181890
-3.53385019
-3.32367587
-3.58708262
-3.36445308
-3.61657023
-3.49243665
-3.27084589
-3.58791471
-3.46502900
-3.19063449
-3.07697415
-3.75752878
-3.49449134
-3.27223182
-2.62219763
-1.48978865
0.40413985
2.16231155
0.65929973
-0.44279304
0.05216205
0.47104457
-0.05003881
-0.13578442
-0.28138590
-0.08060670
-0.33605525
-0.36127236
0.02634862
0.70341963
1.06719494
1.63467515
1.17566311
0.91580784
0.66586071
0.11016266
-0.05251206
-0.06295376
-0.46556813
-0.98803979
-1.68500805
-1.51606488
-1.86176097
-1.88464963
-1.71504807
-2.26262093
-2.03183937
-1.56586266
-1.04799271
-1.82127512
-2.11125016
-1.66955233
-1.54431009
-0.76154065
0.64077795
2.44344449
0.81508988
-0.02215431
0.43128401
0.62033290
-0.53508413
-0.67658591
-0.62805462
-0.22720128
-0.54748327
-0.10559795
0.41137397
1.27220547
1.82734489
2.39270806
1.99429548
1.60446405
1.09861279
0.31349236
0.35159492
0.63622171
0.91280073
0.54137784
-0.23802480
-0.21240753
-0.31655458
-0.63695502
-0.72496873
-1.45934021
-1.48642540
-1.14267170
-0.79690742
-1.17643142
-1.65430498
-1.08035254
-0.96406025
-0.35801724
0.82896382
2.35428953
0.96828949
-0.02165653
0.09693426
-0.24524435
-1.43536568
-1.91643155
-1.96000731
-1.43089163
-1.44311154
-0.81220126
-0.16350070
1.10508323
1.04755592
1.84763861
2.05092692
2.03559494
0.93004936
0.42186528
0.62851733
1.37111592
2.06290197
0.87692100
0.19527352
-0.09192698
-0.10944539
-0.32786408
-1.00231314
-2.00552177
-2.31874681
-1.97246313
-1.86442721
-2.11686826
-2.44437575
-1.92050302
-1.82491505
-0.90316278
0.64101762
1.13234878
-0.43846792
-2.06720185
-2.08332705
-2.29177976
-2.69019341
-3.10221338
-3.13318849
-2.68153310
-2.68561411
-2.17494631
-1.65657330
-0.56802320
-0.55069685
-0.04426251
0.18031341
0.15944903
-0.40132219
-1.10619760
-0.79525805
0.01404402
1.04454529
-0.19785964
-0.99102503
-1.43032634
-1.43205011
-1.52546859
-2.46356988
-3.47835469
-4.10963583
-3.85149693
-4.14569950
-4.25009584
-4.15451813
-3.61049032
-3.11559010
-1.51204300
0.21483552
-0.21928668
-1.85637498
-4.17971420
-4.37455654
-4.24374914
-4.33743572
-4.62074041
-4.47917891
-4.26952076
-4.18854856
-4.13174105
-3.66702747
-2.66001296
-1.49426234
-0.92392343
-0.09543047
0.08824731
-0.83627599
-1.82779253
-1.78344142
-1.57905626
-1.16791606
-2.24026251
-2.51636744
-2.90874195
-2.75606465
-2.63679099
-3.74553251
-4.83041334
-5.16083097
-5.08069897
-5.45266485
-5.47835302
-5.30177736
-5.02373791
-4.60999298
-2.55540514
-0.51954776
-1.17647207
-2.88120222
-5.20342112
-5.71616507
-5.46483183
-5.41244555
-5.36954737
-5.10683060
-5.04136753
-5.08347797
-5.05015182
-4.55615759
-3.71597624
-3.26488423
-3.55102015
-2.98238063
-2.15853238
-1.47851717
-1.28805459
0.09066875
0.54599291
0.33843249
-1.42597210
-2.85385656
-3.95941734
-4.39242744
-4.52254438
-4.96734858
-5.40785265
-5.55916119
-5.31517839
-5.62741327
-5.82697916
-5.88451004
-5.65814114
-5.11732292
-3.05145454
-0.78359312
-1.52189529
-3.30696702
-5.78416872
-6.37965775
-6.24273062
-5.73132992
-5.46198845
-5.09423923
-4.92112827
-4.96097517
-5.01574326
-4.41332102
-3.11929584
-3.07486081
-2.75832438
-1.90131128
-0.11431525
0.47863010
1.22933686
3.08584261
4.06231070
3.72087932
1.49885035
-0.92213750
-2.57585073
-4.02342796
-4.30598450
-4.67759371
-5.15241194
-5.41527367
-5.09856796
-5.46246862
-5.66295576
-5.70987797
-5.26119089
-4.78150797
-3.01000738
-0.85098886
-1.39317179
-2.81054282
-5.20978403
-5.86583376
-5.76973200
-5.37395525
-5.17930937
-4.97986650
-5.00140142
-5.04966831
-5.04539442
-4.30191469
-3.59129715
-3.91942954
-2.59069705
-2.27812910
-0.29019836
0.20723715
1.47859359
3.91025782
5.03961611
4.67853785
3.26590323
0.55436474
-1.25486600
-3.37054682
-3.69720316
-4.74662161
-5.23128319
-5.62547302
-5.18981075
-5.45202112
-5.74573851
-5.78116083
-5.39494419
-4.75699902
-3.11556172
-0.96754366
-1.37751198
-2.60443497
-4.98666048
-5.64761734
-5.57029629
-5.16690445
-4.92661381
-4.70704079
-4.85394669
-4.81127357
-4.59604836
-3.77185392
-3.52421784
-2.72055769
-1.83875263
-2.19638586
-0.77751756
0.69119495
2.38722754
4.85056686
5.99772310
5.35937405
3.45892715
0.50881433
-1.74737978
-3.98742628
-4.12971163
-4.85564184
-5.29695845
-5.53220224
-5.18804455
-5.36110544
-5.69064808
-5.64553976
-5.40172720
-4.72800159
-3.16786408
-1.02633512
-1.43692732
-2.67504954
-5.01160955
-5.51040125
-5.41427708
-5.17359352
-4.87909031
-4.65675306
-4.91241360
-4.99783230
-4.42676830
-3.47964597
-3.62764716
-1.99120998
-2.44042134
-2.56550956
-2.23017406
0.17399755
1.47214878
3.85436177
4.74583817
3.88309121
1.72096884
-2.07808304
-3.75888228
-4.98167181
-4.62946463
-5.09721470
-5.36980486
-5.59126616
-5.49895287
-5.50709200
-5.79164457
-5.71447563
-5.45560598
-4.85060167
-3.16109276
-1.15809476
-1.47435653
-2.77602601
-5.26677227
-5.69048643
-5.65070152
-5.42143393
-5.05102968
-4.75041389
-5.06218719
-5.00955296
-4.02339172
-3.21067214
-3.66604996
-2.44914889
-3.49695897
-3.80804420
-2.99465847
-0.04140215
0.97299731
2.73932886
4.55330563
2.64144325
-0.05373296
-3.81014299
-5.14934254
-4.63716412
-4.55377913
-4.78067684
-5.00797939
-5.11847210
-5.59329224
-5.63156271
-5.99925280
-5.82722282
-5.59981346
-5.05198717
-3.23573875
-1.23678136
-1.35704267
-2.68705964
-5.28900337
-5.76672983
-5.71278667
-5.54014921
-5.25435543
-5.04577208
-5.27042341
-5.24840260
-4.45742750
-3.82587624
-4.20783997
-4.01734018
-3.92920709
-3.91821527
-2.78685498
-0.08430690
1.08634806
2.03540897
3.80505729
1.54943490
-0.69038469
-3.56784534
-5.13038301
-4.24289036
-4.77795696
-4.74823189
-4.89943886
-5.14146376
-5.80890512
-5.88264465
-6.17875481
-5.93866825
-5.66967916
-5.13815737
-3.15516186
-1.26405239
-1.31685627
-2.69300246
-5.23741055
-5.84584713
-5.81411695
-5.63848305
-5.42393255
-5.32828522
-5.23724604
-5.23394108
-4.82311630
-4.18067932
-4.51421642
-4.72643471
-4.32862806
-3.99323845
-2.49428868
-0.74548256
0.59746635
1.46965957
3.62873459
1.22351551
-1.29070950
-3.71003437
-4.17019892
-3.56369400
-3.91051602
-4.08896160
-4.19325161
-4.70326328
-5.37695169
-5.58883190
-5.89569044
-5.82131720
-5.60268831
-5.03617954
-3.04068446
-1.20402563
-1.35401726
-2.96453452
-5.46799421
-6.23940849
-6.15232944
-6.02008724
-5.65450001
-5.66756535
-5.36846781
-5.52348375
-5.33871222
-4.95323181
-5.08640766
-5.36077833
-5.15780830
-4.70928955
-3.91020203
-2.53018165
-1.56678283
-0.44367316
0.92580384
-0.62467891
-2.17614460
-3.92727327
-4.09478188
-4.34244156
-4.64003563
-4.52591324
-4.80000257
-5.10499620
-5.43723965
-5.42645931
-5.85822868
-5.77984905
-5.70504284
-5.10428333
-3.15669727
-1.16595209
-1.47374368
-3.15374422
-5.57333040
-6.38365030
-6.48889446
-6.45678091
-6.12890577
-6.06102276
-5.61075830
-5.69235992
-5.68361473
-5.63178730
-5.69758558
-5.52487421
-5.49904013
-4.81421375
-4.34858656
-3.04650784
-2.80108118
-2.08676314
-1.50921154
-2.00802493
-3.03399324
-4.35136700
-5.00073433
-5.11813927
-4.98893309
-4.66705370
-5.26037788
-5.44507551
-5.39829826
-5.44256687
-5.79713917
-5.91404724
-5.87103844
-5.26135731
-3.25572991
-1.22068465
-1.35050964
-2.87959170
-4.81678057
-5.34131432
-5.55447149
-5.76674557
-5.40795565
-5.19059181
-4.74023962
-4.80323124
-4.81375694
-4.88009310
-5.03732634
-4.94419050
-5.05848646
-4.70059586
-4.66690016
-3.99863577
-4.07818317
-3.78311920
-3.39645123
-2.84404159
-3.91274571
-4.66942167
-5.42684364
-5.08742666
-5.18412304
-4.73478079
-4.90689754
-5.06230211
-4.88508940
-4.88476372
-5.13878345
-5.23383427
-5.24384212
-4.49493027
-2.75198603
-0.91690660
-1.19868720
-2.35753608
-4.08821297
-4.65944147
-4.88442469
-5.12150002
-4.79331636
-4.56960821
-4.27153635
-4.33307266
-4.45189333
-4.49071646
-4.56806087
-4.52841234
-4.61357594
-4.43451309
-4.55151987
-4.30956173
-4.44913101
-4.40543985
-4.27551603
-3.72762465
-4.13198853
-4.20757151
-4.58925438
-4.42388487
-4.63439608
-4.33874893
-4.44952583
-4.46601057
-4.50270987
-4.36737823
-4.46228504
-4.43826246
-4.25907660
-3.56548572
-2.26719332
-0.78755289
-1.41000557
-2.35810113
-3.97574377
-4.57435751
-4.57553196
-4.70842743
-4.40801430
-4.24079370
-4.03288651
-4.07025146
-4.10897112
-4.00736380
-4.14565229
-4.21336222
-4.20246553
-3.99746990
-3.98083305
-3.77563620
-3.91994905
-4.04800844
-4.19291639
-4.10514498
-4.49298096
-4.51922750
-4.73655272
-4.63172913
-4.70651960
-4.18335676
-4.07391167
-3.93782830
-4.00302124
-3.95473313
-4.33586788
-4.40325308
-4.10195208
-3.65368891
-2.59897614
-1.17765856
-0.46434760
-0.58542186
-1.07596445
-1.29645550
-1.34611464
-1.44645512
-1.42799771
-1.37227738
-1.12833226
-0.89382082
-0.80181676
-0.68254834
-0.96994215
-1.24236369
-1.40839434
-1.34909761
-1.28465772
-1.20001209
-1.26809382
-1.32165694
-1.29036462
-1.21193230
-1.17042196
-1.23962438
-1.40203011
-1.49117172
-1.48355830
-1.23252094
-1.06580985
-0.86979508
-0.94899702
-1.02972555
-1.23128307
-1.16231036
-0.81301868
-0.63092434
-0.49949080
-0.31915224
0.73532408
0.78850967
-0.06642538
-0.22081156
-1.07437265
-1.55671394
-2.17020988
-2.58662224
-2.40473151
-2.17025137
-1.77850831
-1.73233688
-1.85724127
-1.90113330
-2.07817817
-1.93856764
-1.69169760
-1.71601272
-1.59343636
-1.95989919
-2.45850563
-2.77561164
-3.06771469
-3.23494458
-2.98322606
-2.40337658
-1.82945228
-2.48305082
-2.69868898
-3.22548914
-3.14405990
-3.18012786
-2.71270680
-2.40619254
-1.60079956
-1.08513296
0.04046290
0.49885619
0.66811728
-1.31714523
-3.29317546
-2.90119410
-3.31224418
-3.29776096
-3.05824280
-3.74136758
-3.61074615
-3.62784576
-3.45062900
-3.49254537
-3.40160036
-3.21920490
-3.37715364
-3.31913209
-3.24701047
-3.48172307
-3.48649859
-3.79618049
-4.05877829
-3.73729706
-4.01537704
-4.12888718
-3.99217653
-3.54053950
-2.67886591
-3.24256730
-3.38178492
-3.54106688
-3.49548745
-3.73355341
-4.02461815
-4.24890375
-4.03503609
-3.55719304
-2.14906549
0.45051348
0.19391319
-3.22427559
-4.44124985
-3.59747362
-3.83920050
-4.31747150
-4.29758978
-4.79126835
-4.72700691
-5.44750643
-5.39254284
-5.22999763
-5.01638412
-4.84660912
-5.09845114
-5.08215761
-5.43526030
-5.50043011
-5.58855152
-5.73666286
-6.02125406
-5.56666803
-5.75304556
-6.04309368
-6.13384008
-6.09999132
-5.14448547
-5.69592428
-5.50256062
-5.75580549
-5.23614645
-5.59208775
-5.52858973
-5.53076982
-4.89749146
-4.42331791
-3.08902478
0.48460811
0.51637173
-3.04043984
-3.75866270
-2.85878301
-2.97484803
-3.49239802
-3.38089204
-3.97880507
-4.03689671
-4.49623203
-4.44433737
-4.92050266
-4.76180553
-4.82349348
-4.72780657
-4.82555532
-5.14327240
-5.27605486
-5.65336943
-6.13202238
-6.90414762
-6.63952494
-6.89256430
-6.54307795
-6.53799200
-6.47380543
-5.42009211
-5.86479139
-5.51641750
-5.97568512
-5.69942522
-6.06506443
-5.98763037
-5.28438520
-4.70223951
-4.43329906
-2.84626722
1.00667572
1.57641256
-2.00890207
-3.82220173
-3.45815444
-3.82204962
-4.12386799
-4.40295839
-4.76597929
-4.72391605
-4.87655115
-4.79440832
-5.04312086
-4.67594290
-4.81668854
-4.71432400
-4.88561678
-4.92481947
-4.78904772
-4.80252361
-5.38151407
-6.07688808
-6.06893873
-6.00480986
-6.14540529
-6.23916769
-6.04277706
-5.00072575
-5.19259119
-4.71750641
-4.93064022
-4.56857109
-5.09973049
-5.11131096
-5.09907150
-4.67769670
-4.33180332
-2.71090913
1.35922635
1.68154299
-1.37959385
-3.03219914
-3.30159688
-3.79178619
-3.88757086
-3.97804356
-4.37296343
-4.00655174
-4.01771975
-4.10585785
-4.71842670
-3.92000771
-2.75559211
-2.39995122
-3.73633480
-4.81533575
-5.11648178
-4.65270472
-4.92373562
-5.40633488
-5.79355097
-5.76406240
-5.77829456
-5.47214413
-5.54216623
-5.30352259
-5.19049597
-5.43618917
-5.42091703
-5.51808214
-5.33906221
-5.70284128
-5.15184021
-4.95283270
-4.75188541
-3.18447995
0.85554445
0.62359661
-1.87137532
-3.41017103
-3.83936024
-4.37330818
-4.30735588
-4.49471045
-4.99009132
-4.78546286
-4.73918152
-4.35946465
-4.45448112
-2.83464980
-0.41717827
0.84310949
-1.41446626
-3.95902395
-4.69871902
-3.20582104
-2.97429562
-3.29870820
-4.47433138
-4.54961252
-4.47227955
-3.90697289
-4.54717350
-4.40938759
-4.55589962
-4.80390692
-4.78191996
-4.49508190
-4.55067730
-4.83430576
-4.72729731
-4.29039049
-4.43839312
-2.89143515
0.53389716
0.64396882
-2.06594777
-3.33288264
-3.82841492
-4.36977196
-4.09115791
-4.44930315
-4.57633781
-4.52539778
-4.71533442
-4.24198198
-4.78337288
-3.22045469
-1.11679339
0.36974174
-2.07733893
-4.58433580
-5.38082361
-3.75799513
-3.12481117
-3.17926431
-3.66250610
-3.16297126
-3.14838719
-3.36608219
-3.93747997
-4.35855007
-4.16721821
-4.56322002
-4.78985548
-4.87254238
-4.91518879
-5.07703495
-5.00342989
-4.43783760
-4.41292620
-3.00996542
0.34080285
0.87038225
-1.57128692
-3.14087772
-3.84237003
-4.63578606
-4.46930695
-4.58863926
-4.58591223
-4.64249229
-4.78387785
-4.60089064
-4.78252125
-3.09310532
-0.86180401
0.68772560
-1.23025942
-4.00340557
-5.15787315
-2.78317332
-1.67849445
-1.21792090
-2.43445110
-2.40705299
-1.88673997
-2.12028837
-2.73310471
-3.09324789
-3.14159274
-3.59143853
-3.83238244
-4.06946945
-4.43704367
-4.59138107
-4.51250267
-3.77691746
-3.81786752
-2.43098903
0.99613219
1.13519347
-2.20716071
-3.91287899
-4.36567974
-5.37357521
-5.31365681
-5.32210302
-4.97578096
-4.57432032
-4.56496143
-4.31192207
-4.70008564
-3.31721497
-1.35126960
-0.08510280
-1.45665216
-3.02715898
-3.42207599
-1.88245487
-1.15377390
-0.86939073
-1.34149277
-1.29159594
-1.32839465
-1.88353229
-2.60721016
-3.27520633
-3.31931329
-3.66408396
-3.89082050
-4.19788074
-4.79601765
-4.79615927
-4.58534098
-3.64476061
-3.43582082
-1.96435070
1.55085135
0.98820800
-2.88377786
-4.62173891
-4.92114735
-5.32962942
-5.85907269
-5.96007061
-5.45254993
-5.41171122
-5.17100382
-4.91398764
-4.45398474
-3.30573010
-1.08094573
0.14445223
0.42443293
0.44189751
-1.53853047
-2.33030272
-2.74580264
-2.68890190
-2.96120858
-2.35607696
-1.68091154
-2.27041197
-3.03015208
-3.31542015
-4.00712681
-4.51063442
-4.58094501
-4.87697363
-5.50803709
-5.27868366
-4.84332943
-4.08271742
-3.99310923
-2.66416001
1.40057290
0.20099412
-3.69662118
-5.45936918
-5.86084223
-5.94187593
-6.11573172
-5.64756203
-4.99591732
-4.91593027
-4.83020449
-4.71368361
-4.22837400
-3.50582886
-3.36454177
-3.56685591
-3.52059746
-3.39645338
-4.28330898
-4.61155748
-3.29215097
-1.81779921
-1.73244786
-2.24343443
-3.88233614
-4.49431419
-4.44425392
-4.39509439
-4.49388695
-4.86081696
-4.97925806
-5.16398191
-5.54766941
-5.58657169
-5.38537121
-4.65774345
-4.57741117
-3.39636755
1.16532421
0.14938237
-3.47568393
-5.34802723
-5.94252443
-6.20250750
-6.07433176
-5.67672729
-5.18228292
-5.02981663
-4.90913868
-4.92302132
-4.20856190
-3.15459824
-3.09095907
-3.14628410
-2.73376560
-2.10165977
-2.91256022
-2.59770918
-0.44244492
1.83811307
1.99179780
0.08807267
-2.69230318
-3.95480728
-4.62150002
-4.33383369
-4.21171045
-4.72198534
-4.98608160
-5.07509518
-5.36939430
-5.39412022
-5.30281448
-4.55597115
-4.53432703
-3.42188692
0.92385232
0.27634197
-2.90061975
-4.61001348
-5.27928925
-5.52032804
-5.45951748
-5.35497379
-5.16459560
-5.02747965
-4.91017389
-4.80201101
-3.83802104
-3.18563747
-3.08131838
-2.56350708
-2.55586147
-0.44401354
-0.39397097
0.07616799
2.11672831
3.26673651
3.06985927
1.64539707
-0.68073589
-2.19885659
-3.76105022
-3.23413420
-4.05917835
-4.42485809
-5.12297487
-5.09572363
-5.38089275
-5.26420689
-5.33636045
-4.71819735
-4.82572889
-3.63629436
0.65353495
0.28891128
-2.55146027
-4.23981285
-4.87313557
-5.11903000
-5.03681946
-5.00954533
-4.95931721
-4.96292543
-4.93428421
-4.85143280
-3.50117970
-2.93388939
-2.34833384
-1.91717386
-1.91255903
0.64215094
1.51994097
2.00872469
4.53860092
5.81098652
5.02009153
2.82009649
0.55657899
-2.48995328
-5.10753441
-4.03336477
-4.43713999
-4.64055967
-5.17139816
-5.13261938
-5.32615328
-5.26448250
-5.26797628
-4.88529348
-4.76733685
-3.53728104
0.58446652
0.25781691
-2.56759596
-4.10592461
-4.45088959
-4.58041382
-4.57148838
-4.57034922
-4.57049704
-4.69979620
-4.98732042
-4.73911572
-3.62504816
-3.48515844
-2.03577709
-1.90299058
-1.27057052
-0.49164581
0.45502985
1.30283308
3.70898795
4.57094479
4.07245874
2.31189609
-0.36664128
-3.72547913
-5.94641352
-4.40726566
-4.56999397
-4.67247295
-5.10865545
-5.23553562
-5.44938326
-5.37833166
-5.31523180
-4.90290165
-4.68523788
-3.47424960
0.55686468
0.30470663
-2.51674414
-4.13730717
-4.42676020
-4.76980352
-4.80568361
-4.72907591
-4.68959665
-4.97543526
-4.84046793
-4.23923922
-3.33071876
-3.77935147
-3.07156157
-3.43719053
-3.03238297
-2.09910321
-0.26555401
-0.15213217
2.03916383
4.56817627
3.30507183
1.20303440
-1.37746298
-4.14415312
-4.47813845
-3.53317523
-4.01281834
-4.09783173
-4.49093723
-4.88954878
-5.09013844
-5.09962082
-4.94622850
-4.54434729
-4.33026648
-3.29590440
0.62426215
0.38164285
-2.49969816
-4.19286156
-4.47462702
-4.92992115
-5.06171560
-4.96288157
-4.95991993
-5.14982462
-5.06551456
-4.39212561
-4.01132059
-4.66329718
-4.56520319
-4.80123472
-4.10939217
-3.11724687
-1.36783183
-1.00475097
0.19746609
2.62132859
1.46768343
0.60539240
-1.22834229
-3.77219462
-3.66370368
-3.21638775
-3.82009149
-3.56341863
-4.25480747
-4.85807323
-5.07308149
-5.11682892
-4.98010206
-4.49231958
-4.32219172
-3.30366039
0.72885036
0.41620654
-2.84194183
-4.56467915
-4.92664719
-5.27692413
-5.31313133
-5.15360546
-5.13981771
-5.19404936
-5.21369791
-4.98985243
-4.91993046
-5.42910814
-6.21159458
-6.21907616
-5.64202213
-3.45980191
-2.31564355
-1.60747516
-1.04221344
1.69716048
0.35010868
-0.39675707
-1.71399450
-3.69490886
-3.40724969
-3.13531828
-3.82114720
-3.52592707
-4.23009586
-4.82436752
-5.12229204
-5.20844364
-5.03121519
-4.51487446
-4.35133028
-3.46800852
0.75861287
0.57110941
-2.88735628
-4.46888828
-4.91269922
-5.21188831
-5.47656918
-5.16993666
-5.18260145
-4.91051483
-5.25597000
-5.22860861
-5.45672750
-6.03262615
-6.78118038
-6.86277723
-6.10635853
-4.54349995
-3.68524313
-2.75951529
-1.93477225
-0.67334121
-1.82461047
-2.38431478
-3.32778549
-4.84154654
-4.62144613
-4.66241312
-4.91687107
-4.58229494
-4.84566402
-5.01485300
-5.02293921
-5.06510544
-4.92845154
-4.39474106
-4.42801237
-3.29674172
0.94052804
0.33303934
-3.38405943
-4.94936705
-5.52282763
-5.75731325
-6.05927229
-5.90466213
-5.85314226
-5.32574797
-5.57303476
-5.80954123
-6.20170164
-6.47560120
-6.76567602
-6.71550608
-6.20131969
-4.89003611
-3.59457183
-3.15282273
-2.51030850
-2.26856279
-3.45697188
-4.26938534
-5.47293186
-6.16823006
-6.09220982
-6.26375008
-6.02437353
-5.61104822
-5.54684973
-5.16892433
-5.04156590
-5.10190010
-5.21600962
-4.94386625
-5.12373638
-3.68691516
0.84090877
0.23685388
-3.45193696
-4.59462357
-4.91612577
-5.53065014
-6.01546955
-5.85608959
-5.61197376
-5.11991978
-5.31800365
-5.43185425
-5.65444231
-5.90952730
-6.08668756
-6.24111414
-6.01387072
-5.64027882
-4.34063482
-4.22927666
-3.63278294
-3.66931391
-3.78687906
-5.18422890
-6.22197151
-6.83518648
-6.21062899
-6.57100677
-5.91713142
-5.80523396
-5.59124660
-5.20251989
-4.92899561
-4.87999535
-4.98055267
-4.91617870
-4.97088671
-3.53100657
0.88203561
-0.20126753
-3.70902085
-4.73733139
-5.15033722
-5.80054903
-6.19480562
-5.91597033
-5.53022575
-5.33809662
-5.45127773
-5.70662498
-5.78945875
-5.83135653
-5.89318800
-6.02658129
-6.01605225
-5.96114922
-5.47461891
-5.46838999
-5.21237803
-5.28599072
-4.98874426
-5.32462454
-5.61657810
-6.29730797
-5.98871231
-6.12624788
-5.62566042
-5.53334093
-5.49490786
-5.34982157
-5.05604649
-4.86508226
-5.08968353
-5.07373762
-5.21510220
-3.63138890
0.69315970
0.00629729
-2.38394594
-3.14655232
-3.50851130
-3.85559654
-4.11580849
-3.88947821
-3.59496164
-3.49347115
-3.56739783
-3.74457860
-3.65231252
-3.79753971
-3.77196836
-3.73211956
-3.63053751
-3.57718301
-3.25172043
-3.28691268
-3.35193563
-3.72337389
-3.67659354
-4.16447496
-4.35482550
-4.84582758
-4.48703194
-4.41752291
-3.43553138
-3.39329243
-3.34865570
-3.45805979
-3.21563339
-3.19923401
-3.35711384
-3.24019718
-3.41172075
-2.53330946
0.72913045
0.84479046
0.20011725
0.21588306
0.04262967
-0.19743367
-0.43692589
-0.46828914
-0.41940081
-0.12330286
0.14005001
0.17855293
0.29743817
-0.06860256
-0.33997267
-0.55654198
-0.53260726
-0.52274257
-0.35065609
-0.32996225
-0.32261616
-0.36839396
-0.30479962
-0.27762461
-0.42681241
-0.76424944
-0.68191063
-0.59488481
-0.10905875
-0.09036320
0.09813251
-0.08501509
0.03453967
0.04625321
0.12714909
0.37318447
0.17309858
0.29270178
1.28618193
0.84679127
0.46355748
0.68282396
0.43736503
-0.96962059
-2.24348593
-2.80802059
-3.50212908
-2.99628210
-2.78250504
-2.84869814
-3.06508207
-3.16503811
-3.18522191
-3.54832792
-3.46274352
-3.26516104
-3.17859983
-3.07641339
-3.21186924
-3.45762587
-3.60432887
-3.90543151
-3.86201143
-3.50081682
-3.32079625
-2.96020675
-3.52387428
-3.54526329
-3.93323588
-3.80809450
-3.70634389
-3.37395883
-2.74691796
-1.67490923
-1.34888875
-1.20942509
-0.29119581
0.57060707
-1.26987147
-1.77684557
-2.16665268
-3.29543352
-3.97279906
-4.10095882
-4.73834419
-4.42707491
-4.77574396
-4.77167892
-4.78348398
-4.71880341
-4.66061687
-4.95964718
-4.75037098
-4.74259377
-4.61006212
-4.56403637
-4.72969627
-5.06143475
-4.80308104
-5.06706142
-4.95277357
-4.77769995
-4.73229694
-4.19500160
-4.71243954
-4.70706177
-4.84993172
-4.59564972
-4.69054079
-4.99347448
-4.85175753
-3.82835317
-3.41957664
-3.53703928
-0.61023402
-1.36395395
-4.85042381
-5.41373444
-5.55392551
-6.31499910
-6.87740421
-6.89171505
-7.31641531
-7.30153990
-8.24058819
-8.35380268
-8.07342815
-7.65906477
-7.43195295
-7.86941624
-7.85037661
-8.08165073
-8.00375271
-8.25808716
-8.54158878
-8.68772221
-8.26590061
-8.46426487
-8.66648769
-8.70295429
-8.91756153
-8.23449802
-8.70740795
-8.34000301
-8.47950840
-7.88318872
-7.89465618
-7.72766829
-7.63887024
-6.62450171
-6.03873014
-5.74307775
-1.08490455
-1.41882920
-4.86011457
-4.65266800
-4.57017899
-5.16617203
-5.97266197
-5.89347887
-6.35376930
-6.31122541
-7.15624809
-7.18109322
-7.57507896
-7.48908997
-7.53836489
-7.71035147
-7.66043758
-7.92819881
-7.88549709
-8.34550476
-8.98743534
-9.66463280
-9.37695026
-9.51505947
-9.08943462
-9.13210297
-9.10081482
-8.40433025
-8.68876076
-8.25482941
-8.56114006
-8.48051357
-8.18602943
-7.84802961
-7.09303522
-6.56783533
-5.84543896
-5.27899694
-0.66110873
-0.37115830
-3.24460721
-3.25331640
-4.08810663
-5.39025927
-6.08665609
-6.30358696
-6.41490126
-6.17165613
-6.54628372
-6.29923058
-6.46422243
-6.33026457
-6.59088612
-6.89640713
-7.33831882
-7.52536821
-7.34448099
-7.66456938
-8.32540321
-8.80026245
-8.77128506
-8.46983624
-8.30313492
-8.33281612
-8.41335964
-7.77860165
-7.81741858
-7.35845804
-7.45336342
-7.42376566
-7.34762859
-7.00105381
-6.64213848
-6.21769381
-5.36756372
-4.56929016
-0.12370536
-0.18496910
-2.56551409
-3.08507109
-4.72920895
-6.19962883
-6.37143087
-6.49530745
-6.38184118
-5.98374414
-5.93374920
-5.46116018
-6.26154137
-6.08627224
-4.68839359
-4.49553823
-6.10916138
-7.42838335
-7.43949175
-6.93777132
-7.25114155
-7.98513699
-8.36197567
-8.11522102
-7.67736435
-7.38684225
-7.48910379
-7.01809454
-7.19960546
-7.33637047
-7.20447731
-7.20511580
-6.71387053
-6.60459375
-6.14229488
-6.09724092
-5.18431044
-4.23084545
0.03356511
-1.46904755
-3.66485548
-3.87485218
-5.48855782
-6.43112755
-6.38586187
-6.72488689
-6.94995546
-6.75235844
-6.56013441
-6.04180670
-6.87227201
-6.59292412
-4.47582626
-3.80899620
-6.04222965
-8.00335312
-8.49137688
-7.05457926
-6.55524015
-7.08929396
-8.03684998
-7.30191278
-6.54881144
-6.25402021
-6.84880924
-6.60791206
-7.00976038
-7.02052116
-6.86220503
-6.68170404
-6.31770802
-6.09824181
-5.97440004
-5.83140469
-5.26530552
-4.46451712
-0.42218205
-1.25057578
-3.35685921
-3.18963528
-5.08940744
-6.20649624
-5.93937922
-6.23055172
-6.41862869
-6.56805658
-6.60953999
-6.28575945
-7.45970631
-6.87300158
-5.06389618
-4.17892075
-6.27134991
-7.76209307
-8.51890278
-6.87701750
-5.90939569
-6.39626265
-6.88458681
-5.39682579
-4.52188683
-5.11679077
-6.16842031
-6.20794392
-6.32861423
-6.82275486
-6.77580023
-6.83052254
-6.93140841
-6.61366272
-6.52123260
-6.08199644
-5.43064117
-4.54345179
-0.70647389
-1.61483264
-3.84074783
-4.39879513
-5.80201340
-6.61153555
-6.48141146
-6.57643223
-6.59975910
-6.71414471
-6.90829563
-6.76064730
-7.31455231
-6.60135651
-4.55998802
-3.45442533
-5.61647892
-7.36424541
-8.70170975
-6.20057249
-4.82883501
-5.15773773
-7.16424656
-6.71024990
-5.79835749
-5.91717958
-6.19685364
-5.73003578
-5.41328669
-5.39663887
-5.53636074
-5.82939720
-6.35533428
-6.02056265
-5.75871754
-4.81560516
-4.02709293
-3.69036317
-0.16970527
-0.59841341
-3.81074977
-4.54057455
-6.14371634
-7.50079918
-7.45047617
-7.24593163
-6.95266533
-6.75813007
-6.66219425
-6.51859331
-7.37797689
-6.79127979
-4.41501904
-3.69724798
-5.45256472
-6.69932985
-7.05623960
-4.67740631
-4.10216618
-4.03304815
-5.45901680
-4.77141809
-3.98722959
-5.04075861
-5.89040947
-5.93388748
-5.52964020
-5.45773458
-5.36511850
-5.58287477
-6.11729670
-5.86692667
-5.50218487
-4.26771021
-3.34353423
-3.10937333
0.40504992
0.05473972
-3.58605790
-4.03121090
-5.41895390
-6.84665632
-7.72929811
-7.76691151
-7.61793852
-7.76988029
-7.33387661
-6.84935951
-6.71660852
-5.91077852
-2.50279808
-0.47019801
-1.03464699
-2.52301264
-4.81730080
-3.65056443
-3.37861156
-3.56332731
-5.04349279
-4.01133537
-3.52378964
-4.53379393
-5.52819014
-6.27077150
-6.12713099
-5.87082338
-5.81739092
-6.44567060
-6.85465765
-6.38058567
-5.67230654
-4.48666048
-3.53511024
-3.53177667
0.51725739
-0.65620309
-4.30122709
-4.60499668
-5.83680296
-7.19735003
-7.80592394
-7.49070740
-7.21280622
-7.29358339
-7.04996443
-6.88412142
-6.45048380
-5.96443987
-5.14526558
-4.10119295
-4.33719397
-4.24711275
-5.52918720
-5.32064629
-4.33375835
-3.27103043
-3.33404398
-2.26648235
-2.50003219
-3.55384183
-4.90465546
-6.09968519
-6.27720499
-6.24273252
-6.36391115
-7.06153822
-7.35263062
-7.23634005
-6.76033449
-5.57254124
-4.47170067
-4.41568422
0.33833215
-0.65547276
-4.27799654
-4.64767265
-6.06536674
-7.27035761
-7.96832275
-8.04770565
-7.83937883
-7.80718040
-7.53570223
-7.37009382
-6.58583212
-6.44666815
-5.82046556
-4.75039530
-4.15569878
-3.73058891
-4.87116718
-5.19219112
-3.68603683
-2.33045673
-2.14444900
-2.17550921
-2.62177920
-2.84929395
-3.80277634
-4.81225157
-5.24670172
-5.60485554
-6.04309130
-6.79675817
-7.17119265
-7.08412743
-6.62520456
-5.54793453
-4.54699659
-4.39920521
0.28387484
-0.71236926
-4.38624668
-4.82485437
-6.17639828
-7.15538168
-7.57434654
-7.78314495
-7.64246273
-7.61678982
-7.35783911
-7.12205410
-6.32983685
-5.74856186
-4.45304966
-2.42841959
-2.48114109
-1.85983753
-2.92256713
-2.69869733
-2.00711966
-2.26179361
-2.48556018
-3.24459314
-3.09973288
-2.68934560
-4.15653753
-4.55042696
-5.29582834
-5.56820774
-6.31601191
-6.89226007
-7.26960564
-7.11258698
-6.82435036
-5.70412302
-4.94447517
-4.70786095
0.03264090
-0.68177366
-4.11127615
-4.46847773
-5.79617786
-6.78994846
-7.17986155
-7.48634291
-7.49590635
-7.54918242
-7.23969507
-6.74306154
-5.36025524
-5.12602711
-4.02486038
-1.49095035
-1.03656733
-0.31966329
-1.54275596
-1.56234097
0.02159540
0.01378891
-0.49152586
-1.15601933
-0.77607125
-1.16084433
-4.09008884
-4.55492020
-5.19415426
-5.35653400
-6.46139145
-7.12251425
-7.44847775
-7.33866405
-6.98998165
-6.04245853
-5.07005644
-4.65803051
-0.08588126
-0.65451390
-3.99001384
-4.33295202
-5.42573118
-6.27214146
-6.74760962
-7.12379360
-7.26602697
-7.38226223
-7.18035841
-6.56708050
-5.80585814
-5.95604420
-4.61680460
-2.31402135
-1.56253958
-1.58738899
-2.42553854
-1.93509817
-0.01401889
0.12402153
0.04911387
0.11733438
0.58555877
-0.43711767
-3.12283874
-3.70060539
-4.75569916
-5.36273670
-6.31797743
-7.10329962
-7.62860155
-7.70265436
-7.53091621
-6.67557716
-5.52452517
-4.92913485
-0.15820777
-0.67218208
-4.02374077
-4.34789896
-5.30505896
-6.25773430
-6.80946398
-7.04738569
-7.11871862
-7.23821545
-6.80909014
-6.20729160
-5.61253071
-6.09245205
-5.13387537
-3.35233974
-2.72522545
-2.39641905
-2.20333862
-2.53079367
-0.57361192
1.23688424
0.84488958
0.65785289
0.74482369
0.17450228
-1.45849657
-2.52794957
-4.03516483
-4.73359299
-5.73786306
-6.64215088
-7.18056393
-7.23045397
-6.94550943
-6.16732025
-5.08610058
-4.94508219
-0.30975410
-0.71517181
-4.14761019
-4.47488594
-5.35299873
-6.46641397
-7.06587934
-7.18180323
-7.32518578
-7.21737814
-6.80694771
-6.08839321
-6.07906914
-6.50028658
-5.15789127
-3.44868064
-2.18221426
-2.73471737
-3.57209444
-4.01991272
-2.84769201
-0.79709077
-0.73789728
0.93975675
1.72522235
2.07563400
0.35022339
-1.63569164
-3.86282969
-4.49375582
-5.70254564
-6.60607624
-7.22138739
-7.11858845
-6.92372799
-5.95123911
-4.98376560
-5.01563168
-0.29722255
-0.73937625
-4.45391846
-4.88681746
-5.95736599
-6.87669754
-7.39909363
-7.26873302
-7.30574942
-7.29912567
-7.07581902
-6.79374027
-6.83519173
-7.28150654
-7.00081301
-5.77935934
-4.62758732
-4.46902609
-4.96049118
-4.97364855
-4.39453936
-2.28837681
-2.74334049
-1.04582512
0.67193621
1.54772508
-0.08680800
-2.29211116
-4.39906168
-4.90707970
-5.98087263
-6.86488056
-7.53294849
-7.46701384
-7.17161131
-6.09698772
-5.04893732
-5.11824512
-0.27665129
-0.85433847
-4.80105114
-5.02469969
-6.08950377
-6.94324827
-7.48017502
-7.25712156
-7.25921106
-7.04754400
-7.10518265
-6.85869837
-6.86903667
-7.02488613
-6.96636391
-6.72621393
-5.79032326
-5.26363802
-5.44313955
-5.47480202
-5.30105209
-4.44497299
-4.55143499
-3.08568263
-1.47372305
-1.29485059
-2.66656399
-4.26257181
-5.46299028
-5.76665258
-6.60398102
-7.16187668
-7.53716230
-7.26913738
-7.15476084
-5.98078537
-5.30085421
-5.09096813
-0.22158599
-1.02899611
-5.07046175
-5.33158636
-6.43415594
-7.35837984
-7.91293907
-7.81176949
-7.71974468
-7.48155975
-7.55777693
-7.49882603
-7.37356806
-7.22152472
-6.94897127
-6.94650459
-6.71571922
-5.83849621
-5.53657675
-5.98043776
-6.17224169
-6.02144098
-6.11735725
-5.17195988
-4.33354712
-4.16739082
-4.86767578
-5.82319498
-6.60535860
-6.63116503
-7.17163372
-7.38543272
-7.56169415
-7.32503176
-7.21769333
-6.28338146
-5.65579700
-5.28948164
-0.26966015
-1.19446111
-5.46740437
-5.78411961
-6.65649652
-7.72575903
-8.17651081
-8.16295624
-8.16128731
-7.96879864
-8.03802013
-8.09851646
-8.19907284
-8.16585922
-8.03497601
-8.28239250
-8.25200653
-7.75643826
-6.90866995
-7.43047190
-7.06639528
-6.82418394
-6.62402439
-6.44767141
-6.51912737
-6.78648233
-6.70407200
-7.14348412
-7.48431921
-7.64314938
-7.85788488
-7.93838787
-7.80942678
-7.49501705
-7.46747255
-6.61850739
-5.94940615
-5.41288424
-0.44204375
-1.37684369
-5.87994862
-6.24986649
-7.05602407
-7.94666862
-8.29450798
-8.13682270
-7.96800804
-7.94284248
-7.93031120
-8.14016342
-8.23237228
-8.26173210
-8.20379162
-8.43702030
-8.63279247
-8.65982056
-8.35833359
-8.42580223
-8.05092144
-7.65709352
-7.41920328
-7.10766792
-6.81655931
-6.93377256
-6.96193886
-7.38447952
-7.67513895
-7.75392389
-7.94893551
-7.93524551
-7.82196188
-7.62286139
-7.39481449
-6.63695431
-6.00545740
-5.46125889
-0.50683594
-0.46081504
-3.51884317
-3.38317752
-3.96744227
-4.66635036
-4.94362640
-4.93658543
-4.85517550
-4.85173035
-4.68399858
-4.84386349
-4.83985329
-5.14950609
-5.11341667
-5.27812481
-5.37027025
-5.20428228
-4.96778059
-5.14058113
-5.11775398
-4.91320944
-4.81435204
-4.83150816
-4.62229824
-4.70276737
-4.59391785
-4.67528820
-4.52971315
-4.61872244
-4.87788200
-4.96694613
-4.78300762
-4.42553520
-3.99965692
-3.37252402
-3.01215291
-3.29550052
0.03069391
0.01212297
-1.50218952
-1.46656883
-1.85326457
-2.32387424
-2.60800862
-2.70449018
-2.73769665
-2.62949061
-2.39764309
-2.26464868
-2.17330885
-2.52196884
-2.72910643
-2.91639853
-2.96692061
-2.88761044
-2.77592587
-2.83375621
-2.91242766
-2.86965322
-2.77355266
-2.53889775
-2.40161562
-2.41961241
-2.43275809
-2.40332437
-2.26430178
-2.19684052
-2.25171280
-2.47835422
-2.52173400
-2.46133590
-2.06364107
-1.51060712
-1.23861897
-1.44323921
0.03139625
