0.89136696
0.35151836
-2.33957458
-2.31775522
-1.95445859
-1.66720009
-1.51075065
-1.89432299
-2.01704335
-2.02590632
-2.43186045
-2.81085086
-2.36230087
-2.07049823
-2.15570140
-2.89696479
-3.12502432
-1.43240905
0.00475447
0.83468783
0.32823104
-0.88017833
0.80136132
0.39132738
0.22633988
-0.53224832
-0.98456985
-0.90061420
-1.48787200
-2.03908682
-1.71968102
-2.08503842
-1.61302114
-0.51712608
-0.32760674
-0.85524017
-0.65470731
0.88929117
2.37628603
1.74203658
0.38819304
0.50510806
0.06114618
-0.28627715
-0.98507529
-1.02255130
-0.93115550
-1.38108301
-0.87224114
-0.50159299
-0.67142493
-1.03450656
-1.30180061
-0.69128519
-1.43582606
-1.19244957
1.49679315
1.37142694
-0.00166135
-1.71526265
-0.98855382
-0.42295235
-0.20742336
-0.76553714
0.06886449
1.10282111
-0.69248307
-0.28610966
-0.11373401
-1.28545392
-1.54875910
-2.34340310
-1.58703494
-2.04542375
-2.56915188
0.06521150
1.32764482
-0.30585814
-0.41874915
-0.24082863
-0.36970362
0.34356493
-0.63621449
0.60163784
1.12369776
0.14511365
0.56578845
-0.90537214
-1.30191398
-0.41806322
-1.27366590
-1.02942729
-1.18645179
-1.38558018
0.51983154
0.61279529
-0.88325471
-2.03337145
-3.02979159
-2.82566905
-1.60559249
0.07813659
1.36272907
4.97937632
5.22217989
4.12449980
3.39419436
0.05020256
-0.52848095
-2.96071458
-3.95171857
-3.86591077
-3.44803834
-0.13347208
-1.22847116
-2.12345600
-4.69614458
-4.27296829
-4.69008923
-3.51540399
-2.93023872
1.90735471
5.67739105
6.61782694
7.63395262
6.01705456
4.17281580
-0.02033340
-3.65501070
-5.76416016
-5.60552549
-4.78315735
-0.82269251
-1.58227658
-2.85254836
-5.56604099
-5.22593880
-4.99177027
-2.75865245
1.25090981
4.03373003
5.57220984
8.24798584
9.36084080
7.49201965
6.42862654
-0.07850894
-2.26793265
-4.91947746
-5.38902998
-4.20308781
-0.93545437
-1.34128463
-2.29966640
-5.19139528
-4.75035954
-4.55676126
-2.08494663
0.11057469
1.92254925
3.48628044
5.81644249
7.28395939
3.59566879
3.79213929
-0.31029519
-1.98714447
-4.57166386
-5.26450682
-4.20385647
-0.85081953
-1.20555615
-2.23782372
-4.92508078
-4.84432030
-4.62318182
-3.36064315
-2.26649570
-1.12087631
0.55997485
2.66410422
6.27525711
2.33689451
0.59103775
-0.84382319
-1.95347595
-4.18564606
-4.83225918
-3.92542124
-0.60277963
-1.06727898
-1.89539933
-4.29372787
-4.63041592
-4.23445845
-3.68130875
-3.01180291
-2.47873616
-0.67612386
0.22813335
3.56580639
1.21012032
0.17759740
-1.47371340
-2.68038535
-3.98799038
-4.49386644
-3.40749907
-0.11227413
-1.07064009
-1.07809901
-3.40393782
-3.99962234
-3.84847975
-3.69902015
-3.39868212
-3.46759868
-2.83785224
-3.40070438
-1.58527255
-1.85986793
-2.08789420
-2.63783097
-2.99083400
-3.80021572
-3.60624933
-3.01611543
0.26512891
-0.12566459
0.08066548
-0.97574133
-1.38295853
-1.05693769
-0.70515430
-1.05753803
-1.43640947
-1.34141207
-1.40890574
-0.71314120
-0.42274088
-0.69249254
-0.91664493
-1.17007411
-1.12820649
-0.89017498
-0.34954277
0.88683814
1.74359381
1.08959043
-1.27177346
-1.62232065
-1.23371351
-1.42032564
-1.04525805
-0.96502876
-1.22431886
-1.43631828
-1.73763645
-2.12798667
-1.75931513
-1.50993693
-1.45586407
-2.29445767
-2.31522894
-0.68551904
0.58444506
1.10588777
0.16952631
-0.06162947
0.63446337
0.55417067
-0.38984877
-0.50950825
-0.31968445
-0.76114261
-1.24565554
-1.38056052
-0.78097028
-1.17370462
-1.13699579
0.02239259
0.15645850
-0.34515107
-0.25835711
1.54674804
2.69248414
0.08087596
-0.52588034
-0.66061097
-1.95299625
-2.19854188
-1.00770950
-1.28023136
-1.43834865
-2.21037936
-1.41589642
-1.04927206
-0.94423354
-1.86965156
-2.22117972
-2.06473756
-2.67754316
-1.57698441
2.25860977
1.35324502
-2.06954861
-4.36919308
-3.78005838
-3.78222799
-4.95998240
-3.38426328
-1.38042283
-3.02331734
-3.79741955
-1.77302229
-1.20217049
-2.25731111
-2.60878539
-3.22807527
-3.68727875
-3.86652279
-3.48141932
0.40921521
0.76991868
-2.22481418
-3.13095045
-2.72930503
-3.21941161
-3.60492253
-2.67587137
-0.43446362
-1.93639112
-1.63123298
-0.61479253
-2.46942782
-2.64068222
-3.05401921
-2.86540532
-2.55857897
-2.64730644
-2.48911572
0.69216973
1.61566043
-1.37187588
-2.66267848
-3.41806555
-2.90964651
-2.76212215
0.65450317
2.53306818
5.01172543
5.62272310
5.39311934
5.08233738
1.56064939
0.54535508
-1.90577960
-3.18551421
-3.14371371
-2.68684244
1.34076381
0.52321494
-1.90650940
-3.33829594
-3.87759733
-4.03310823
-2.42609906
-0.58023775
4.06574106
7.76657248
8.83670044
9.68338108
8.00343609
4.90917635
1.51631784
-2.45452428
-5.07852411
-4.92063189
-4.41444206
0.62698120
0.12364260
-2.66520309
-4.05946350
-4.65977669
-4.41818428
-2.04990673
1.09765399
4.65902281
6.82207918
7.95151520
10.67688274
8.06155014
6.29341984
1.18530679
-1.06023026
-3.75171971
-4.11288500
-3.43251872
0.69389516
0.48575294
-2.25244212
-3.83630991
-4.21321869
-3.96537924
-1.91289067
0.03378671
4.01499891
7.27222157
7.96297741
10.69120979
6.88104486
6.64145803
1.94293594
-0.40842283
-3.36246967
-3.99691296
-3.53372288
0.67437124
0.35361987
-2.39316535
-3.96168375
-4.67086220
-4.58868837
-3.31612396
-1.52666402
0.36417538
3.80212402
5.37918329
8.97360420
5.18005610
4.03138542
0.89532495
-1.33576500
-3.55278969
-3.72113991
-3.52766657
0.88547081
0.41413927
-2.32652020
-4.17125320
-4.65862799
-4.75496912
-4.21503735
-3.84157228
-2.80533075
0.43812966
1.02188504
4.84700537
2.78230071
2.19314790
-0.81944555
-3.16220832
-4.14502335
-4.22392273
-3.98017216
0.93212312
0.92897111
-0.64350265
-1.95784044
-2.91588545
-2.84431171
-3.09186983
-2.67168331
-2.46272230
-1.86190677
-2.30282235
0.19181448
-0.58321542
-0.50307226
-1.14371550
-2.12829232
-3.24383879
-1.70755470
-1.77946055
2.16887593
1.63809156
1.55454504
0.88787824
0.13202190
0.44465292
0.55004650
0.13359421
-0.31853932
-0.34656650
-0.29016542
0.79396302
1.32972097
0.69044840
0.42033821
0.13189349
0.17695290
1.12935793
1.60916698
2.85356116
1.53414941
0.29801691
-0.73136503
-2.39751244
-2.55147934
-2.95912147
-3.04478669
-3.06939316
-2.96169376
-3.15138173
-3.40114427
-3.34866023
-2.78008199
-3.09013176
-3.17398810
-3.38228631
-3.27835131
-1.16123641
-0.37057763
-0.46199206
-1.80783606
-1.24213266
-1.32196677
-1.97365594
-2.75050163
-2.68792629
-2.63936138
-3.20788431
-3.89430857
-3.68763947
-3.33093596
-3.69169497
-3.35090971
-3.03543258
-2.66873288
-2.99871206
-1.85300601
0.38937423
0.02568281
-2.83810067
-3.88986826
-4.86903286
-6.21044111
-6.53519583
-5.19800711
-4.82044888
-5.82273102
-6.70386362
-5.26753807
-5.53573322
-5.44161081
-6.17474604
-6.02578926
-5.87658501
-6.02140903
-3.71947145
0.13697875
-0.50298744
-4.02921677
-6.22861910
-6.66013050
-6.34713984
-7.91522503
-6.89468622
-3.84508443
-8.41376114
-7.85313940
-5.57522011
-4.88911438
-4.56701565
-5.78305721
-6.27850866
-6.66990900
-6.56689262
-4.86291027
-0.15833905
-1.29619956
-4.82089806
-5.56284428
-5.50069046
-5.71003819
-6.49937201
-5.91671324
-3.51913834
-5.41245985
-5.10369778
-4.50486660
-6.32116032
-6.12300587
-6.75175953
-5.91811085
-5.33773851
-5.25065327
-3.87562275
-0.12678173
-0.35966113
-3.77892590
-4.29233074
-5.54285860
-4.87391281
-6.18821478
-3.79102182
-0.81241113
-0.25081864
-0.26674473
1.19409776
0.85505372
-1.66140401
-3.61381149
-4.36518002
-4.63091373
-5.08472586
-2.89380789
0.71287602
-0.78629178
-3.98614287
-4.88641977
-6.66221523
-6.39980555
-5.12664986
-2.42325711
1.43114269
3.48544669
3.82093954
4.99618816
3.74030948
1.30900443
-2.21422839
-4.62972069
-6.06585932
-6.61480045
-4.46949148
-0.00410938
-1.07881868
-4.62657166
-5.34720373
-6.87172270
-6.97072697
-5.27390099
-3.50227618
0.33150053
2.79381037
1.78019857
5.01373863
2.26867008
1.52232361
-1.01888168
-3.47063732
-5.56382036
-6.26194525
-4.40612841
-0.09972189
-0.96908963
-4.43546629
-5.22913408
-6.60784197
-6.73319387
-5.75522423
-4.66105843
-0.59518957
3.70941448
2.78742838
5.71964788
4.18402243
3.34044647
-0.80340654
-3.51862717
-5.50041056
-6.75127172
-5.04458141
-0.29589391
-1.76501799
-5.42977762
-6.03430080
-7.16997528
-7.11408806
-6.35213614
-4.43855429
-1.29082298
2.50234962
2.87230253
4.61677551
3.36798501
2.63787460
-1.08681488
-4.06941319
-5.77624416
-6.33037901
-4.78788280
-0.27871618
-1.74207067
-5.13776684
-6.25600100
-7.34882021
-7.53499413
-7.12405729
-6.80384636
-5.69867945
-2.07227230
-2.71047735
-0.08831012
-0.17842707
-0.52195501
-3.19386244
-5.97301626
-7.04022455
-6.86186838
-5.66184187
-0.50693500
-0.37531024
-2.59870148
-3.08328629
-4.44239140
-4.38879871
-4.54529619
-4.20459270
-4.08552504
-3.42093325
-3.83801937
-2.41093802
-1.38401353
-2.08433676
-2.90232062
-3.70035338
-4.75677919
-3.58241558
-2.03688622
0.97612691
0.13909099
-0.96993887
-1.45138645
-2.23165274
-2.05330968
-2.09309816
-2.32082844
-2.85376477
-2.88671303
-2.71300578
-1.89584100
-1.17929101
-1.28441811
-1.59613717
-2.10318708
-2.24200916
-1.60964787
-0.40698490
0.71551406
