-0.00875500
-0.00126979
0.04186090
0.01800809
-0.04434426
-0.02594074
-0.01213753
-0.02299903
0.01293403
-0.01140658
0.01219752
-0.02303103
-0.00868850
-0.02384449
-0.00364823
-0.02206353
-0.04716332
-0.04168360
-0.02126166
0.01865800
0.03903038
0.07288603
0.04140782
-0.04123606
-0.01796084
-0.00273695
-0.00155711
0.01632818
0.00030506
0.01712164
0.01740126
0.03295340
-0.00108618
0.00815877
0.00267042
-0.02164336
-0.01851963
-0.02413306
0.05629104
0.02933743
0.07545461
0.03448264
-0.02939898
0.01685737
-0.02458995
0.03261808
0.06266616
-0.02834200
0.00965743
0.04732685
-0.00098639
-0.02031925
-0.01580350
-0.00107004
-0.00814283
0.00877736
-0.04240597
0.05188093
-0.00111712
0.01639177
0.01094940
0.01870937
0.05936178
-0.03149165
0.01625074
0.03457494
-0.03902940
-0.00188167
0.01916636
-0.00764456
-0.00799518
-0.01759950
0.02539844
0.02078393
0.01679633
-0.03775740
0.04157887
-0.01934916
-0.00394826
0.01460132
0.02275593
0.03297542
-0.00879555
0.00275821
0.01533272
0.02943752
0.01311001
0.01171337
-0.02810758
-0.03255350
-0.04720055
0.00578992
0.01334456
0.02511501
-0.01201655
0.00078915
-0.02353219
0.01088734
0.02162606
0.01225584
0.04347869
0.02569768
0.05858417
0.10273658
0.02071432
-0.03120688
-0.04711907
-0.02448127
-0.02816455
-0.01329559
0.00116622
0.01361298
0.03955998
0.01853883
-0.01477258
-0.02786372
0.01339743
0.02782765
0.02720261
0.03979861
0.05050230
0.08345483
0.10226154
0.03011589
-0.03482975
-0.09802734
-0.03699669
-0.02896641
-0.01824735
-0.00721273
0.00395827
0.02691246
0.03656000
-0.02691608
-0.03309230
0.02023510
0.02123923
0.01333514
0.06977836
0.08176800
0.14758828
0.11766466
0.06568689
-0.05698635
-0.12257802
-0.07335725
-0.04916848
-0.03924883
-0.02287924
-0.00278702
0.01249919
0.03544531
-0.03944914
-0.03710661
0.03553356
0.02510955
0.01292094
0.08530348
0.10295773
0.08513597
0.07321788
0.03937795
-0.03464263
-0.09243121
-0.04650231
-0.05378870
-0.04386445
-0.01122926
0.00429180
0.01102900
0.03421700
-0.03201069
-0.03335335
0.03102293
0.01460519
0.01641098
0.07940666
0.06036687
0.06998449
0.01651999
-0.00880858
-0.00835062
-0.03832392
-0.00789019
-0.06633634
-0.05669902
-0.02254961
-0.00481203
0.00868284
0.03590154
-0.02951968
-0.03447976
0.02814015
0.01503177
0.00880827
0.03867591
0.04641416
0.07003891
0.05343993
0.01927784
-0.01957688
-0.04744367
-0.04448545
-0.04340458
-0.04436598
-0.04575996
-0.02254923
-0.00790120
0.01569436
-0.03258111
-0.01589038
0.03483326
0.01723134
0.01145492
0.02582100
0.02475901
0.02481035
0.00763574
-0.00295886
-0.02752685
-0.03643028
-0.02508881
-0.02078763
-0.00870753
-0.04699101
-0.02709113
-0.02346143
0.01144587
-0.00739734
0.00050265
0.03384176
0.02237295
0.01846598
0.02096801
0.01931844
0.01394585
0.00876063
0.01654005
0.02296699
0.01576419
0.00906976
0.00196946
0.00633309
-0.01347660
-0.00496715
-0.00569562
0.01240697
0.00385933
0.00263767
-0.00937580
0.00194465
-0.04987391
-0.04067517
-0.04864090
-0.05568996
-0.04850210
-0.05447924
-0.04042555
-0.05168274
-0.05945317
-0.03962879
-0.05106955
-0.05150031
-0.05715768
-0.04010298
-0.02921397
-0.02675161
-0.01315320
-0.00452954
0.00436321
0.00456780
-0.00458499
-0.01253647
-0.00405258
-0.00754046
-0.03407894
-0.05749224
-0.05995830
-0.07138112
-0.06407601
-0.06062428
-0.05502488
-0.04519778
-0.02529262
-0.00139000
0.00861387
-0.00191666
0.03240649
0.00529932
0.05713195
0.04137098
0.04616712
0.05334064
0.05984845
0.05666513
0.03911491
0.03542289
0.03616217
0.02341529
0.01462782
0.03018374
0.03710693
0.01925830
0.02346247
0.03173897
0.02465202
0.04658104
0.00716904
0.02618703
0.06909434
0.08384653
0.07554524
0.13808669
0.10708427
0.09878615
0.10116953
0.06433174
0.06844949
0.03111330
0.04068184
0.05929357
0.04259105
0.02652477
-0.05384843
-0.06607784
-0.06694641
-0.08687553
-0.09421132
-0.07365739
-0.06158520
-0.05139404
-0.00869871
0.00468430
0.02108987
0.00668474
-0.02358986
-0.02444183
-0.05569408
-0.07980942
-0.08535726
-0.07369170
-0.03948841
-0.08827882
-0.09654126
-0.09498370
-0.07198527
-0.06758842
-0.07481809
-0.03945369
0.01278709
-0.02119071
0.09862408
0.10212050
0.05756696
0.01416110
-0.05053969
-0.03491274
-0.03314094
-0.04164130
-0.03925465
-0.01975438
-0.02299449
-0.01572618
-0.01007649
-0.00494638
-0.00968442
-0.00850623
-0.01478388
0.02957004
0.06441706
0.10238305
0.08317021
0.04841226
0.01266975
-0.00172432
-0.00961048
-0.01747482
-0.00404554
-0.00195805
0.00325465
-0.00322836
0.00045392
0.00840972
0.00093178
-0.00388610
-0.00676317
-0.00900806
-0.00935618
0.00204623
0.03428131
0.04396369
0.01142932
0.00336004
0.02958429
0.00464789
-0.00456594
-0.00768096
0.00054205
0.00255312
-0.01850224
-0.02347682
-0.01356132
-0.01593813
-0.01518254
-0.00298182
-0.01234804
-0.03025462
-0.07207047
-0.10949500
-0.08827727
-0.05212956
-0.03648147
0.01229246
0.01298281
-0.00620577
-0.01168737
-0.00750888
-0.00054721
-0.01872709
-0.01731299
-0.01439015
-0.02652865
-0.02036884
-0.01198931
-0.02777981
-0.01263597
-0.02489456
-0.10645501
-0.09997942
-0.04135981
0.02024032
0.03627640
0.02377235
-0.00818837
-0.01310658
-0.01158841
-0.00480871
-0.00552377
0.01198554
0.01894410
0.01212994
0.02324459
0.02457964
0.00065933
-0.02380338
-0.02057066
-0.05573094
-0.08130150
-0.01631744
0.01431268
-0.00068944
0.01405832
0.01923161
0.00683861
0.02573340
0.01958362
0.01080877
0.01148450
0.03465037
0.03864671
0.03122262
0.03647051
0.03655293
0.02212652
0.01641787
-0.00242255
-0.02076836
-0.00317811
0.02937146
0.03397007
0.04220182
0.03842268
0.02291770
0.03012203
0.01971608
0.02987498
0.02797922
0.05339575
0.05116174
0.04367268
0.03804921
0.04252372
0.03955577
0.03206180
0.03885557
0.04243897
0.04813265
0.06273010
0.06016488
0.04816573
0.04255093
0.04891475
0.04904407
0.03249028
0.16976990
0.19010717
0.18675709
0.19081831
0.26392853
0.30178151
0.29449227
0.27112126
0.27975100
0.28816023
0.29001367
0.29516566
0.30011463
0.30378681
0.27818269
0.26814836
0.24645315
0.27300349
0.14059810
0.19416554
0.28658962
0.29678285
0.31293443
0.44342759
0.43280193
0.44570729
0.44171274
0.44377619
0.45034736
0.42241701
0.40775669
0.43953449
0.46808833
0.45843706
0.45221934
0.43599257
0.41398564
0.15946908
0.20233195
0.31326652
0.30152404
0.35634196
0.47042987
0.48975420
0.35440993
0.36050910
0.38051397
0.46784088
0.48092595
0.47765750
0.52701008
0.51082313
0.50029361
0.50218451
0.49218088
0.48676375
0.13324648
0.19831930
0.31313241
0.37770441
0.44157901
0.44446391
0.51181495
0.32234952
0.32012320
0.26022720
0.44486418
0.35957426
0.31952065
0.40296394
0.41673267
0.51913232
0.49753693
0.47376537
0.47901303
0.16972911
0.22372201
0.34317845
0.42478305
0.45428550
0.43731225
0.40796405
0.37450349
0.35105795
0.30866641
0.34044790
0.21909758
0.27525195
0.32531694
0.26095730
0.44819489
0.43881053
0.40945727
0.44949615
0.17453577
0.28520089
0.35200393
0.40885118
0.45503038
0.44921130
0.41542858
0.23083687
0.25373611
0.17374031
0.10268113
0.09800656
0.19957960
0.29307041
0.32002142
0.43476778
0.46728027
0.45808753
0.46693558
0.20492832
0.29964662
0.35000068
0.43873671
0.45970035
0.45973748
0.42378759
0.28555602
0.21707524
-0.02236626
-0.28015622
-0.20081106
-0.09263666
0.33135882
0.38605836
0.39235511
0.46342537
0.45476764
0.46918482
0.19345184
0.31088048
0.34429827
0.40468892
0.42623919
0.45656648
0.42927805
0.16491628
0.07660420
-0.27918613
-0.39672080
-0.44280252
-0.25590456
0.14338553
0.33572698
0.32646191
0.44114631
0.44524580
0.44269985
0.16056629
0.32025576
0.37321299
0.42810974
0.42426187
0.43489045
0.41280362
0.20194358
0.13736248
-0.07147805
-0.15095353
-0.21586531
-0.18617502
0.14306217
0.29235202
0.29920900
0.37620562
0.39357275
0.41384655
0.15426898
0.33280882
0.39274105
0.42221367
0.42885584
0.44383863
0.43055391
0.35129440
0.40073466
0.23801985
0.10031940
0.01426551
0.12832531
0.36713862
0.41130552
0.35216078
0.38964674
0.38030404
0.41011941
0.15570942
0.32495070
0.37997246
0.42905816
0.42481461
0.42486948
0.42516086
0.41952538
0.43096668
0.39527670
0.26794523
0.18315291
0.30324060
0.43678439
0.44735527
0.41014701
0.42842731
0.40901548
0.42946449
0.17019752
0.28158617
0.29165554
0.32084456
0.34282476
0.36342633
0.35019419
0.32856870
0.33051920
0.32507980
0.36899245
0.32169625
0.28548309
0.30128035
0.30075213
0.32167584
0.35181883
0.32121080
0.33698136
0.11465477
0.16172211
0.13670582
0.16367689
0.19523247
0.21008286
0.20296991
0.20358706
0.21354300
0.22379342
0.23270337
0.20762451
0.15954551
0.16599672
0.16765197
0.18300897
0.20175977
0.18421362
0.16384126
0.06228382
-0.04374614
-0.11581363
-0.19286865
-0.18730214
-0.17135163
-0.22662145
-0.22830936
-0.15836123
-0.18815279
-0.19098702
-0.17042661
-0.17698744
-0.17782769
-0.21475676
-0.17973161
-0.15600142
-0.16218612
-0.22145653
-0.05758074
-0.10255899
-0.18821961
-0.24244151
-0.34137496
-0.32783210
-0.34387603
-0.30297300
-0.22342238
-0.23563081
-0.18920210
-0.15674818
-0.15574142
-0.15060437
-0.19515824
-0.20867798
-0.25299990
-0.25638157
-0.29585442
-0.10956128
-0.13508445
-0.26741686
-0.37701732
-0.36372763
-0.47143203
-0.45147401
-0.35716206
-0.35200796
-0.34223935
-0.31334293
-0.27043030
-0.28523740
-0.25268874
-0.29652387
-0.32888195
-0.37773526
-0.39972073
-0.41992033
-0.20946246
-0.27392241
-0.45209265
-0.72861958
-0.59366769
-0.69915098
-0.70572031
-0.68914002
-0.56158525
-0.79365069
-0.69953924
-0.63751078
-0.58221161
-0.51203030
-0.51002431
-0.52263433
-0.62567174
-0.67474347
-0.62760413
-0.29262525
-0.28098506
-0.41188821
-0.62204939
-0.47219390
-0.46742320
-0.55069846
-0.47870046
-0.40128475
-0.57613796
-0.53857148
-0.52219492
-0.52702594
-0.51285332
-0.56243175
-0.47910237
-0.46724725
-0.47098881
-0.47599685
-0.23109862
-0.16576290
-0.23959744
-0.39200556
-0.33859307
-0.31137571
-0.24902311
-0.21236005
-0.01139870
-0.12686740
-0.03528538
-0.05193788
-0.04615561
-0.05143877
-0.11599036
-0.10567690
-0.17272125
-0.14068882
-0.21253425
-0.13041151
-0.12225974
-0.17349593
-0.25384676
-0.30827904
-0.27259147
-0.19920346
0.05357784
0.07485484
-0.03293889
-0.12238617
-0.08942139
-0.13344146
-0.11190183
-0.02548830
-0.06468259
-0.25247705
-0.25848728
-0.32331121
-0.18665563
-0.12491433
-0.18198766
-0.22118059
-0.27288687
-0.23861635
-0.15917093
-0.00749438
-0.02518246
-0.09495045
-0.07489760
-0.08590207
-0.07678713
-0.00128930
0.07157602
0.02121781
-0.15995254
-0.20485252
-0.27622578
-0.13678637
-0.09139705
-0.14511108
-0.17569385
-0.21174660
-0.19171897
-0.15577132
-0.03034601
0.01225094
0.03820509
0.13999569
0.19968824
0.12941322
0.17007589
0.10436001
0.10094991
-0.11433247
-0.10981300
-0.18849215
-0.09798449
-0.10759090
-0.17097639
-0.17665619
-0.21705171
-0.22031888
-0.20339823
-0.07538840
0.04411425
0.05995046
0.22375637
0.27983290
0.07990959
-0.06213576
-0.03281355
-0.06974357
-0.14606014
-0.08675626
-0.18263119
-0.08714770
-0.11921236
-0.17617439
-0.19921821
-0.24026802
-0.27001369
-0.27534759
-0.20307446
-0.10009193
-0.05598573
0.02812351
0.09257233
-0.04796962
-0.09668158
-0.03120264
-0.15838639
-0.18978027
-0.16048206
-0.26045817
-0.12335122
-0.13533051
-0.18139990
-0.22538576
-0.25973955
-0.23203745
-0.26205248
-0.25353670
-0.18860430
-0.18318859
-0.12853090
-0.03201247
-0.05912234
-0.08234784
-0.14906538
-0.24367723
-0.24660093
-0.15527369
-0.27192962
-0.12128747
-0.07122429
-0.09808606
-0.17400636
-0.16925406
-0.13055383
-0.13238238
-0.15527613
-0.13425437
-0.11170714
-0.12216496
-0.11756775
-0.11614245
-0.17959887
-0.16934741
-0.15793023
-0.17271198
-0.12799242
-0.16992253
-0.06517041
0.00615117
-0.00753674
-0.00785512
-0.01047906
-0.00087878
0.00481778
0.02150590
0.00008969
0.00734168
-0.00521360
-0.02904097
0.01543646
0.00508179
0.03095196
0.01926930
0.01031801
0.03402352
0.03079788
0.05930291
-0.00196781
0.00822897
0.00789493
0.00092691
-0.00778217
-0.00618961
0.00846790
-0.00992613
0.00610282
-0.01059643
-0.03779946
0.02811873
0.02879790
0.04020691
0.01560508
0.01001037
0.02514004
0.01358664
0.06036864
0.06062254
0.02145674
-0.02886626
0.01344924
0.01030788
0.05996428
0.06372167
0.02300648
0.04718787
-0.01136193
-0.00595811
0.03671639
0.00058338
0.00643800
0.00283750
0.01819167
0.02213979
0.04818143
0.05180151
0.00268348
-0.00411208
-0.05212618
0.02725712
0.04133018
0.08115772
0.04985542
0.05828696
0.02535452
-0.00870470
0.02605261
0.05939945
-0.01733658
-0.01908062
-0.04517737
0.03146588
0.03869030
0.05271835
0.07971954
-0.02648683
-0.03191567
-0.05905666
-0.00594852
0.04471749
0.03947108
0.05968154
0.07858222
0.04892545
0.06736784
0.06383824
0.03879984
-0.01390240
-0.05988360
-0.07364276
0.00136170
0.05461885
0.07974109
0.10482106
-0.03485434
-0.07584838
-0.05259730
-0.00610246
0.03447274
0.14370292
0.10766728
0.13794975
0.11675894
0.03295598
-0.03519871
-0.09527412
-0.13372177
-0.10436393
-0.08009906
-0.02519445
0.04386175
0.08435505
0.11899259
-0.07817755
-0.08993783
-0.04178611
0.00378632
0.07046710
0.12884602
0.15212621
0.18405654
0.17639789
0.06976766
-0.04005171
-0.09985927
-0.14707813
-0.20968924
-0.16154657
-0.05106501
0.03528291
0.08935817
0.15248767
-0.10892697
-0.09534506
0.00879315
0.01195044
0.05507012
0.16111521
0.18918712
0.22867568
0.18230309
0.09434011
-0.07275446
-0.14762178
-0.13168624
-0.22644463
-0.22548704
-0.08016615
0.01961508
0.07996146
0.16623008
-0.12326550
-0.08809107
0.02499336
0.01941333
0.06216644
0.15746075
0.17689106
0.20873585
0.21492136
0.05776569
-0.08330809
-0.16357236
-0.14736959
-0.20822424
-0.23597704
-0.09460991
0.00350807
0.06508187
0.15251084
-0.12076952
-0.08918684
0.01293126
0.00426489
0.04782723
0.13998957
0.15501314
0.18112013
0.14434867
0.06254371
-0.04820138
-0.10316887
-0.12529521
-0.17217594
-0.19380610
-0.09264178
0.01315768
0.05107192
0.13446899
-0.10770627
-0.08200946
-0.00583566
0.00083527
0.01768142
0.06763441
0.11402646
0.14601780
0.14489287
0.11145674
-0.01712733
-0.09656236
-0.17107308
-0.15732767
-0.17091967
-0.05550662
0.01078625
0.04430073
0.10513537
-0.08332621
-0.06843299
-0.01417981
-0.01149106
0.02784903
0.05094283
0.03295190
0.01216352
0.01426695
0.00319469
-0.03669928
-0.01917279
-0.03215900
-0.06544872
-0.05745354
-0.03258915
0.02141835
0.02756111
0.09764820
-0.05904321
-0.03669929
-0.01122645
-0.01308207
0.01431043
0.02329512
0.01111733
-0.00379685
0.00186579
0.02540205
0.04779229
0.03764678
-0.00437853
-0.03737123
-0.02216865
-0.01388064
0.02212548
0.02309037
0.06949960
0.01579194
0.04783920
0.06149303
0.06629515
0.04329142
0.05073454
0.04605512
0.04734167
0.04861177
0.04268003
0.02988753
0.02024216
0.02000471
0.03609445
0.04005741
0.04451541
0.04405574
0.03780015
0.01186651
0.03802433
0.04210056
0.03499816
0.01462371
0.02653785
0.04657443
0.06368704
0.06064355
0.06186673
0.07069457
0.07652342
0.07636218
0.07091831
0.06621081
0.05750902
0.05114778
0.05466777
0.06455143
0.04603394
0.04438994
0.03579175
0.03389383
0.04171181
0.05895754
0.08016960
0.08536022
0.08040918
0.08965008
0.10069382
0.08829717
0.09693320
0.09633042
0.09244911
0.08431616
0.06822825
0.06439494
0.05541411
0.03444701
0.01449161
0.01639950
0.01266636
-0.00001012
0.00608253
0.01421638
0.05316807
0.03453070
0.06482916
0.08746391
0.08383463
0.07884653
0.07656772
0.07302884
0.04372172
0.01831681
0.03411725
0.03274600
0.01583782
-0.00476190
-0.02804936
-0.05083802
-0.06001485
-0.04374893
-0.02855919
-0.00975645
0.00216301
0.04602282
0.05714929
0.06305705
0.05834282
0.02880222
0.01331398
-0.01875356
-0.03089376
-0.03827960
-0.04359416
-0.02532185
-0.03779681
-0.04018237
-0.04575770
-0.04168476
-0.02635109
0.02265090
0.02389047
0.05596200
0.03777188
0.08552430
0.08096125
0.06918783
0.04222012
0.02201905
-0.00419798
-0.01037433
-0.02136126
-0.03355302
-0.02135656
-0.02128111
-0.01774053
-0.02453038
-0.02031671
-0.01083658
0.01314575
0.04071119
0.07956357
0.10099081
0.08334205
0.06693240
0.07363618
0.07341229
0.07516277
0.04057920
0.01868977
0.01575911
0.00985115
0.00395437
-0.00716575
0.00245070
0.00506024
0.01240290
0.01908360
0.01836607
0.02847044
0.02606602
0.02106506
0.02191670
0.03266967
0.03792295
0.03114061
0.04493953
0.03682513
0.00229709
0.00234403
0.00097534
-0.00174853
0.00046660
0.00983300
0.01490206
0.02242350
0.03127905
0.00446700
0.01092333
-0.03294189
-0.06443553
-0.08589842
-0.06489594
-0.03433338
-0.01759722
0.03432510
0.03808371
0.02741674
0.03688631
0.02525492
0.01726177
0.00225973
0.02092754
0.02639576
0.02529298
0.01861464
-0.01547152
-0.05182105
-0.04589562
-0.07482155
-0.10385704
-0.09572648
-0.09881647
-0.05358814
-0.02122453
-0.00833176
0.00906389
0.03273913
0.02769810
0.02258145
-0.00984617
-0.00092926
-0.01383356
-0.01414844
-0.01204985
-0.03322404
-0.04065331
-0.06330561
-0.08466745
-0.11124726
-0.09472351
-0.09559491
-0.09763873
-0.06835926
-0.04882174
-0.03554824
-0.00077951
0.00074817
0.00754187
-0.00239165
0.00721293
0.01439784
0.02689349
0.02041262
0.00787271
-0.00898086
-0.02303122
-0.03958517
-0.03735013
-0.05749975
-0.08231835
-0.07815128
-0.06507324
-0.04734521
-0.01523882
0.00048194
-0.00710540
-0.00472105
0.04616539
0.06089775
0.06772873
0.07455925
0.07295200
0.07147309
0.06606963
0.06023302
0.05547436
0.04686560
0.03663790
0.03194467
0.02584746
0.03564133
0.04520043
0.05222277
0.05267415
0.05152240
0.02805154
0.14461015
0.13974112
0.10940364
0.12550743
0.15682505
0.16761000
0.17138314
0.21058652
0.20518082
0.22157466
0.22130239
0.21335904
0.24282449
0.21869856
0.20577674
0.19209792
0.18121448
0.11904269
0.00800785
0.18655366
0.17997611
0.15714663
0.20099699
0.27022690
0.27210569
0.30795032
0.35027087
0.33912760
0.36899352
0.35038257
0.33577806
0.34031534
0.34307307
0.34435129
0.29794854
0.29520217
0.21578853
0.03189495
0.12627389
0.11248495
0.02734480
0.15805754
0.30183744
0.25224927
0.24230388
0.29097742
0.29785275
0.41772997
0.36876494
0.39265460
0.39841068
0.37210763
0.36306071
0.32333678
0.29954898
0.18890716
0.02459158
0.23800328
0.34962910
0.20970103
0.38502446
0.38974878
0.45777619
0.35314658
0.42380685
0.40745372
0.55490947
0.31266898
0.31136715
0.31913531
0.35218763
0.42624044
0.40969259
0.41849190
0.31870654
0.07880214
0.26127213
0.31017351
0.26065385
0.36930475
0.35792354
0.34740555
0.36286247
0.38357538
0.38897821
0.39813250
0.38441774
0.41694635
0.34438187
0.27690199
0.34230450
0.35354292
0.34019578
0.26585495
0.04871469
0.21338901
0.30623746
0.23832546
0.35538054
0.36217386
0.37312293
0.23023412
0.44714618
0.23423195
0.34189391
0.29805315
0.30478168
0.46365130
0.44198352
0.38459367
0.32958204
0.34392399
0.28063256
0.06322160
0.20779538
0.31516612
0.30276412
0.37448305
0.37786350
0.37506017
0.37500831
0.30462670
0.15669863
0.01839066
0.05801413
-0.00814998
0.31985793
0.37420911
0.37853509
0.29268587
0.31763655
0.26443872
0.07006003
0.22426045
0.32445204
0.29800916
0.37263054
0.40904897
0.38423929
0.33730203
0.03322648
-0.11214404
-0.16542418
-0.28727430
-0.11511938
0.24361007
0.36756262
0.39546409
0.37241760
0.40928012
0.33831125
0.09434332
0.25696021
0.37708068
0.33272788
0.38584092
0.39823037
0.39570233
0.42123431
0.26343974
0.16205950
-0.00992833
-0.11851068
-0.09402929
0.22169524
0.35766760
0.37080213
0.34854722
0.41600645
0.33688501
0.09875561
0.27717376
0.37925023
0.31380221
0.34123564
0.36315653
0.36367249
0.34505826
0.35393894
0.34581026
0.24384353
0.12239372
0.18738413
0.30272621
0.33963925
0.29070851
0.32882619
0.38798219
0.30295271
0.08737207
0.24771266
0.34240872
0.27609134
0.30002373
0.31550375
0.30287343
0.32328874
0.36185384
0.39575145
0.33107746
0.30428225
0.41317201
0.43738103
0.39532107
0.33568034
0.32202664
0.35294589
0.26443622
0.06824674
0.20574230
0.27664828
0.19491409
0.24842335
0.27341139
0.24383500
0.23238505
0.25547218
0.26075324
0.29927635
0.35697857
0.34616667
0.34745252
0.29717603
0.23072502
0.26530808
0.28477395
0.21676442
0.07540883
0.18461116
0.19601618
0.17774518
0.22259492
0.24982348
0.22141212
0.20661877
0.21910806
0.22874677
0.24906763
0.26280195
0.20495559
0.18435848
0.16588165
0.17774829
0.21034038
0.25052303
0.17400886
0.11557633
0.19030447
0.17390379
0.17904575
0.17572053
0.18439427
0.18532851
0.19442697
0.22133553
0.23876095
0.24634412
0.24872573
0.25325722
0.26319715
0.26284146
0.23726955
0.22942629
0.21664289
0.18154077
0.10501045
0.19798733
0.19215927
0.16139305
0.17097174
0.20507421
0.21879853
0.26600972
0.30004188
0.29610038
0.31426936
0.32134807
0.29835033
0.31310046
0.32998478
0.28604680
0.25822890
0.24768786
0.21279100
0.09978522
0.11312712
0.11319631
0.02386503
0.09674161
0.18709706
0.14710350
0.12948562
0.15803997
0.16467929
0.22718182
0.23045757
0.23072986
0.24422909
0.24371326
0.21307920
0.20515347
0.20135818
0.16370526
0.06624638
0.17858425
0.23923618
0.10748164
0.18880668
0.20177722
0.20134875
0.08427225
0.17618763
0.10944316
0.25580114
0.12639578
0.12087618
0.16605788
0.21756388
0.26806068
0.27495307
0.29311544
0.26232260
0.08210126
0.15542136
0.16488095
0.11038129
0.15995371
0.14643240
0.11506091
0.06401405
0.16018339
0.10281149
0.16628814
0.13574764
0.18273123
0.17977446
0.12701383
0.17778970
0.22354196
0.20856845
0.18104456
0.05159315
0.14953130
0.19711253
0.18710102
0.26917732
0.27376482
0.18792987
0.05311019
0.20242363
-0.00459316
0.07459528
0.13005136
0.12655221
0.23870978
0.25860643
0.27194148
0.27552578
0.29140082
0.28181714
0.10398913
0.24011499
0.31752133
0.34010121
0.32504773
0.32603824
0.31120244
0.29770902
0.17823888
-0.01243921
-0.05084607
-0.02508053
-0.03197984
0.18077588
0.25441128
0.28464440
0.26664060
0.29593325
0.29304296
0.13334408
0.27736074
0.36157781
0.36549753
0.34389722
0.33939725
0.27620161
0.15866788
-0.04150316
-0.26328114
-0.35725698
-0.37528566
-0.19390735
0.09989080
0.23658954
0.24434465
0.31047535
0.36353871
0.33924145
0.15512753
0.28948754
0.35278609
0.35373843
0.33348748
0.33085111
0.28072244
0.24315482
0.14923285
0.03859751
-0.13714626
-0.15940800
-0.12162882
0.10187811
0.21122287
0.19528985
0.27659631
0.34615898
0.33281982
0.15271294
0.27229816
0.32908070
0.29827908
0.27411821
0.27447119
0.25535882
0.27974203
0.30277145
0.26604503
0.19847821
0.08458208
0.12922817
0.24251780
0.23567988
0.19214247
0.23847455
0.29773927
0.27433693
0.13291213
0.24416745
0.30757314
0.26583630
0.24744302
0.24171162
0.23198727
0.24362433
0.26373887
0.25531623
0.19960243
0.16802780
0.25470400
0.27957880
0.29369992
0.23580691
0.23104233
0.25688913
0.23424001
0.10710962
0.22448021
0.24914056
0.23028576
0.24834117
0.24763262
0.22773322
0.23742646
0.23483148
0.23129386
0.25700507
0.28709030
0.31927213
0.35556215
0.32619947
0.26714566
0.24388957
0.25401798
0.24167635
0.11804512
0.19900447
0.20965092
0.20622087
0.20757854
0.20808071
0.18997745
0.18833888
0.18241760
0.19145437
0.20745683
0.22232893
0.22353783
0.22016639
0.19589412
0.18373670
0.19772659
0.22875030
0.20131923
0.14780354
0.03283684
-0.00975650
-0.08144828
-0.06183626
-0.00410516
-0.02325337
-0.02350366
-0.01380122
-0.00655605
-0.00759494
-0.00094600
-0.01780495
-0.02443480
-0.03093342
-0.00568224
-0.00624971
-0.00490102
0.01604550
0.00688720
0.00970897
0.01165944
-0.03943210
-0.00002710
-0.01445987
-0.01869774
-0.00407120
0.00710482
-0.00188513
-0.01240101
0.01041558
-0.00577603
-0.00073674
-0.00555378
0.01348326
0.01489869
0.00775630
0.02408339
0.01305085
-0.00319423
0.00670510
-0.04526207
-0.01631570
-0.00640575
-0.03004130
0.01836856
0.01379000
-0.03196617
0.00529038
0.02679952
0.00646449
-0.03142780
-0.01004648
0.01652626
0.02768490
0.00935936
0.03323191
0.03693785
-0.03809624
-0.03462603
-0.05493522
0.00371655
-0.01329137
-0.06348929
-0.03793282
-0.01842954
-0.03743557
-0.00003274
0.02733516
0.02916745
-0.02193785
-0.06151598
-0.00979238
0.01924720
-0.00368337
0.03052840
0.05960524
-0.05065067
-0.03324932
0.00047536
0.01212175
-0.00813691
-0.05486670
-0.03273718
0.01786437
0.02244711
0.00978579
-0.02182494
-0.00534040
-0.00506636
0.00602405
0.00589398
0.01431336
0.01836674
0.02892597
0.05314195
-0.03058100
-0.03883042
-0.05467085
-0.00727611
0.00392927
-0.01204528
0.06242076
0.06674057
0.08203018
0.02077525
-0.03203215
-0.11841711
-0.08087146
-0.03650640
-0.00132728
-0.01140723
0.01196138
0.05527170
0.03105099
-0.05850814
-0.04544210
-0.05123876
-0.00819610
-0.00299988
0.01231836
0.04612161
0.05676743
0.06996161
0.00750104
-0.09172481
-0.12943722
-0.07649425
-0.05267087
-0.01043756
-0.01618341
-0.00061378
0.05199424
0.05096358
-0.06263041
-0.06376555
-0.04186366
-0.00453768
-0.01478677
0.00085346
0.03243325
0.09855682
0.09612958
0.05181826
-0.08297467
-0.16281626
-0.07655720
-0.05682993
-0.00412048
-0.01638151
-0.01178907
0.04262184
0.04674100
-0.05705643
-0.04982853
-0.04471069
-0.02167883
-0.01749132
-0.01516967
-0.01731781
0.10501608
0.12240937
0.06685679
-0.12549074
-0.19067723
-0.14200614
-0.10528845
-0.00533450
-0.01466537
-0.00960883
0.04168073
0.04744785
-0.07393051
-0.05885790
-0.03185225
-0.00695339
-0.00557493
-0.00529619
0.04205010
0.10892968
0.10921878
0.05340741
-0.10402490
-0.13257147
-0.10694008
-0.07095796
-0.01104019
-0.00959653
-0.01236836
0.03509495
0.04706302
-0.07657441
-0.04605278
-0.03271529
-0.00592661
-0.00987594
-0.00090069
0.04408787
0.03708889
0.08381789
0.04752544
-0.08726608
-0.10465071
-0.08182660
-0.05845342
-0.02726238
-0.00909743
-0.01201005
0.03620400
0.05044317
-0.04462501
-0.01569572
-0.02581414
-0.00673343
-0.00400168
-0.01067454
-0.00795948
0.00878790
0.03235715
0.00428091
-0.00168650
-0.02706660
-0.02922655
-0.04566801
-0.02870426
-0.00692149
0.00038604
0.03760199
0.02228412
-0.04049168
-0.01313134
-0.02105653
-0.00490983
-0.00535387
-0.00803195
-0.01014692
-0.00859043
-0.00130326
-0.00861965
-0.00553174
0.00750346
0.00081830
-0.02106408
-0.01509120
-0.00486960
0.01054339
0.02855969
0.01416396
0.02566340
0.05728110
0.06320485
0.05107453
0.03200092
0.03436984
0.02430157
0.02137827
0.02500002
0.01270415
-0.00493883
0.00333624
-0.00462437
-0.00075107
0.00578045
0.01682651
0.02392006
0.03871258
0.03141164
-0.01406159
-0.00410108
0.02308044
0.01291252
0.01506779
0.02963951
0.02643962
0.01915858
0.02030623
0.00178500
-0.02795184
-0.01906076
-0.01192990
-0.00091068
0.00668219
0.01261587
0.02388521
0.04367299
0.03356593
0.07783712
0.08893351
0.09127684
0.08272848
0.08658520
0.10124204
0.10077617
0.08731637
0.08622013
0.09813114
0.11110001
0.09905824
0.11296309
0.10591783
0.09643693
0.08178415
0.07564118
0.11633895
0.05856016
0.03921837
0.05065223
0.03656672
-0.00008677
0.00400643
-0.00768173
0.06447160
0.04299316
0.07764910
0.09022685
0.11362600
0.09001283
0.11447334
0.09299731
0.07441448
0.03836873
0.03243492
0.05271692
0.03414142
-0.00081444
-0.02004886
-0.02609622
-0.03882753
-0.01797210
0.00966282
0.05066261
0.06652528
0.10149844
0.10137515
0.11722089
0.11330595
0.08221886
0.05641888
0.03454129
0.01202563
-0.00300959
0.00009138
0.01136409
-0.00590944
-0.02509958
-0.02267001
-0.04284031
-0.02920390
0.02546537
0.01042871
0.04871046
0.07840311
0.02973530
0.05047180
0.04073123
0.03622016
0.04604162
-0.00102013
-0.03202756
-0.05281660
-0.05015370
-0.01772945
-0.01566000
-0.04355952
-0.03860280
-0.04665177
-0.04004193
-0.00072338
0.03698331
0.05399347
0.06145742
0.06214495
0.06187641
0.08409271
0.07631691
0.05713022
0.03529442
-0.00074393
-0.02169250
-0.01999345
-0.00418290
-0.00545567
-0.02102079
-0.02026599
-0.00818523
0.01278531
0.02103970
0.00836763
-0.03901867
-0.02027712
0.02005347
0.03664334
0.05922632
0.04740674
-0.00777857
-0.00177891
-0.01871176
-0.02248101
-0.02586398
-0.01170518
-0.00237279
-0.02615949
-0.02606204
-0.01837469
-0.00707274
-0.01593457
-0.02944477
-0.06793875
-0.05480590
-0.03489720
-0.01366831
-0.00386108
0.01130317
0.00383820
-0.01390073
-0.02978805
-0.02228435
-0.03416409
-0.01523196
-0.01438198
-0.02886297
-0.01971120
-0.01379290
-0.02127343
-0.04392448
-0.06319905
-0.06578188
-0.05168748
-0.06425105
-0.04990027
-0.06087996
-0.05991580
-0.00131669
-0.04048220
-0.03876133
-0.02091601
-0.02442214
-0.00638740
-0.04570071
-0.07410037
-0.08074170
-0.06776871
-0.07727344
-0.09471891
-0.10068865
-0.13486306
-0.13768549
-0.09688475
-0.06742324
-0.07004940
-0.07653694
-0.06300458
-0.10560650
-0.07370471
-0.04967104
-0.05779137
-0.02574206
-0.00753054
-0.02056007
-0.00927153
0.00264577
-0.00352970
-0.01199057
-0.03233332
-0.03852690
-0.03636350
-0.01126956
-0.02190824
-0.08411788
-0.10203118
-0.09252104
-0.07708977
-0.02446685
-0.00036977
-0.00336784
0.00082189
0.00481765
0.00079531
-0.00105261
0.00286149
0.00297018
0.00502153
-0.00458872
-0.01104798
-0.01288284
-0.01583038
-0.01544026
-0.04205707
-0.05653830
-0.04557052
-0.02861788
-0.00936883
-0.01596338
-0.02288325
-0.01222377
-0.01732915
-0.02346845
-0.00618280
-0.00939988
0.01870780
0.04199090
0.03829784
0.05453861
0.03395233
0.04227337
0.05175590
0.08376515
0.07607019
-0.00688746
0.03547122
0.04656849
0.04057439
-0.02300328
-0.00022636
-0.03875134
0.00055192
0.02985863
0.02963284
0.01862229
0.04868657
0.08891962
0.10245626
0.09721234
0.10303903
0.09147998
0.11637625
0.10193491
0.09263726
0.07698730
0.05635469
0.06425280
0.00960964
-0.00596704
-0.14090432
-0.10323638
-0.04344210
0.06593245
-0.00148962
-0.08627124
0.04186873
0.06989783
0.09145752
0.06620088
0.09724507
0.10135323
0.05350734
0.06909353
0.06995664
0.04550382
0.03907827
-0.13941267
-0.15443680
-0.27323443
-0.25489295
-0.18899757
-0.16489774
-0.18464062
-0.19806966
-0.17021222
-0.07561284
-0.12891686
-0.11083543
-0.07068959
-0.05882218
-0.09315245
-0.12111059
-0.17847812
-0.20102006
-0.20190135
-0.27772641
-0.25140959
-0.17343286
-0.17669354
-0.15387975
-0.07803185
-0.05010669
-0.04356946
-0.11525233
-0.08162317
-0.02392946
0.10697685
0.07534629
-0.02629660
-0.10857965
-0.14091836
-0.14990392
-0.15001208
-0.16673727
-0.25384727
-0.20458236
-0.07722609
-0.05887450
-0.05127419
0.00385768
-0.05239391
0.00225030
-0.00209715
0.07646416
0.17451787
0.24780388
0.23478924
0.32262409
0.12538883
-0.06296572
0.02257016
-0.01440289
-0.02541724
-0.15867595
-0.16767599
-0.11773065
-0.07519960
-0.02998587
0.05893087
0.07711865
0.04167347
0.03346743
-0.01724941
0.06729080
0.17456096
0.14633012
0.10163344
-0.12107617
-0.18069254
-0.13151868
-0.06546506
-0.04950579
-0.18197134
-0.20578659
-0.07959649
-0.01627070
0.02783716
0.09687903
0.11677222
0.06133105
0.02205380
-0.04540975
0.01978505
0.16200894
0.06466512
0.14603001
-0.08345242
-0.12086529
-0.07081404
0.03067513
0.04238965
-0.12557705
-0.18716291
-0.07452950
-0.01551751
0.03235514
0.07005544
0.06261652
-0.03085332
0.06563921
0.09723949
0.07279339
0.17595086
0.12586530
0.18627587
0.13892071
-0.03216163
-0.05130082
0.00466716
0.05303668
-0.07690068
-0.15976633
-0.08355026
-0.02690034
0.02436434
0.06032509
0.02226062
-0.07182828
0.02506958
0.17016521
0.11019868
0.30718088
0.24160299
0.16431436
0.03301984
-0.11423424
-0.12170395
-0.02108678
0.01398949
-0.09510103
-0.15771689
-0.09467357
-0.04303617
0.01591640
0.06019071
0.00969313
-0.09405296
-0.11777087
0.03379965
0.18302417
0.31609344
0.34161147
0.22802399
0.02208312
-0.10832731
-0.06124966
0.04264268
0.04169823
-0.13267802
-0.17954466
-0.04368690
0.01524220
0.05170631
0.08145690
0.08349411
0.05966864
0.04506693
0.10631500
0.17325926
0.24981336
0.30359247
0.22833361
0.14573708
-0.00075706
0.02933592
0.06774562
0.09126107
-0.03242932
-0.05447675
-0.03124038
-0.04201587
-0.02595964
0.00545360
0.00805558
-0.00478661
-0.01485826
-0.00551590
0.05682746
0.07868231
0.02545612
-0.02342165
-0.06665526
-0.06820165
-0.02581459
0.00550299
0.00744152
-0.10007033
-0.07800679
0.09643788
0.11307995
0.16089769
0.16408123
0.09403224
0.06649754
0.10091679
0.12711908
0.12869726
0.13997997
0.14551358
0.18619686
0.14056912
0.09869900
0.11780624
0.14865196
0.16873381
0.10792778
0.04834544
0.07940817
0.09209284
0.10412250
0.07209133
-0.00876176
0.04101962
0.10462933
0.12806347
0.12433971
0.15133461
0.12908472
0.16490048
0.17048368
0.11602445
0.06873323
0.09119665
0.13282770
0.13539945
0.02036060
-0.10003234
-0.06893143
-0.13420905
-0.03786494
-0.07463688
-0.12953971
-0.16487925
-0.13069372
-0.08660586
-0.07057387
-0.06937128
-0.05901355
-0.06222914
-0.01940632
-0.04852429
-0.04396738
-0.04021983
-0.07083997
-0.10495207
-0.02005599
0.04759477
0.05683774
0.08745307
0.03742918
0.00197394
-0.17342506
-0.11451188
-0.10144311
-0.09812447
-0.06857586
-0.16965802
-0.16637938
0.01607160
0.03132752
0.04053745
0.05792555
0.11620888
-0.02524529
0.01361494
-0.00396127
-0.03739524
0.03784960
0.04736794
-0.01401480
-0.10498236
-0.03287424
-0.14933507
-0.01939216
-0.05495171
-0.15919463
-0.15602227
-0.07278784
-0.03317000
0.04887121
0.03753006
0.05196443
-0.03111121
-0.01593749
0.06029724
0.06429320
0.14696217
0.13502152
0.01977659
-0.20542176
-0.20186143
-0.34777933
-0.12427375
-0.11887811
-0.05698593
-0.04846022
0.01437354
0.09559057
0.14584003
0.16327459
0.15616286
-0.02970544
0.09239678
0.22108115
0.21379738
0.15486784
0.15704447
0.11564238
0.06537852
-0.10547447
-0.25622869
-0.09568109
-0.23055975
-0.21476121
-0.11572646
-0.10690103
0.07049517
0.12245970
0.15132743
0.16102195
-0.03965017
0.10470318
0.29151848
0.24592477
0.14168376
0.10518953
0.08795914
0.02503399
-0.23325734
-0.39919794
-0.22572227
-0.28633475
-0.28170669
-0.16990642
-0.04766719
0.05180144
0.13231972
0.15552944
0.18231536
-0.00658853
0.08613336
0.22630021
0.21278335
0.14333771
0.12996963
0.08179781
0.06879306
-0.18001170
-0.31981748
-0.19958277
-0.22591586
-0.21608816
-0.14481790
-0.06121543
0.04142425
0.10232463
0.14436647
0.16163646
-0.02068773
0.02699150
0.16846630
0.15684350
0.07593197
0.06861863
0.03646353
0.04797990
-0.04582228
-0.07240306
-0.04377538
-0.14770220
-0.19671683
-0.14273857
-0.03288738
0.03602737
0.06936623
0.06531632
0.04659221
-0.05212860
0.00109281
0.14487304
0.13245384
0.08345883
0.06460072
0.05460420
0.07283008
0.01026110
-0.00519001
-0.02489130
-0.05280195
-0.06223679
-0.15243892
-0.03144839
0.07101825
0.06518995
0.03546280
0.00538690
-0.05374867
-0.00243729
0.11414854
0.12551475
0.08795159
0.06377199
0.04403265
0.08509818
0.08607078
0.05960187
0.09587335
0.05834774
0.11507816
0.20550635
0.20420769
0.14001620
0.06962372
0.06627983
0.01832113
-0.05463687
0.02892724
0.07583255
0.06569826
0.00907936
-0.01723114
-0.03129110
-0.00696707
-0.02397217
-0.00996244
-0.00273651
-0.01592036
0.05014717
0.06494375
0.03591353
-0.00763878
-0.01425393
-0.01590295
-0.02250765
-0.00909458
